[[-2.45538529e+00 -2.60240728e+00  2.69955889e-01  1.54743095e+00
   4.96785209e-02  2.49555963e+00 -5.05049603e+00  4.23321826e+00
   5.09532036e-01  4.00129530e+00]
 [-6.17088609e+00  2.05449369e+00 -2.85917238e+00  2.22760862e+00
   4.93763612e+00 -3.92475204e-01 -8.52171548e+00  7.79195016e+00
  -3.27199516e-01  5.56026155e+00]
 [-3.71078452e+00 -5.49749162e-01  2.87205924e+00  3.39165368e+00
  -4.96765054e+00  7.72238630e+00 -6.15599822e+00  3.86807203e+00
   2.71291066e+00  6.66262774e+00]
 [-5.25914398e-01 -1.79189552e+00  2.08249363e+00  7.75920249e-01
  -5.08274502e+00  6.22815844e+00 -2.71748189e+00  1.05987458e+00
   1.10763497e+00  4.36600947e+00]
 [ 2.45884976e+00 -4.25784898e+00  1.80707304e+00  3.21278405e+00
  -2.56228819e+00  3.73535558e+00 -2.51109325e+00  2.19947501e+00
   1.30225642e+00  2.82753036e+00]
 [-4.62843806e+00 -9.31549802e-02  2.23261322e+00  4.45537333e+00
  -2.27673402e+00  4.23179294e+00 -7.80689230e+00  3.83208362e+00
   8.05187606e-01  5.21058651e+00]
 [-2.73049367e+00 -1.34523533e+00  8.50747268e-01  2.81501290e+00
  -3.50328167e-01  2.18934513e+00 -3.73052991e+00  3.20123596e+00
   8.72510109e-01  7.22403862e+00]
 [-6.41853029e+00  3.30645157e+00  1.45394145e+00  2.86724201e-01
  -4.97513794e+00  6.71860097e+00 -6.70851667e+00  6.47010999e+00
   3.51032083e+00  3.65289425e+00]
 [ 9.09651296e-01 -4.25116183e+00  2.77380590e+00  3.30050962e+00
  -2.50806967e+00  2.85243106e+00 -2.20286898e+00  1.92444862e-02
   1.66082994e-01  7.03931940e+00]
 [-2.09213569e+00 -1.59411300e-01  2.53311780e+00  2.40237145e+00
  -4.76446241e+00  5.74653465e+00 -4.48067340e+00  3.59299344e+00
   3.24365907e+00  5.82205025e+00]
 [-4.50941830e+00  4.28724572e-01  2.50883863e-02  1.85716463e+00
   1.51893309e+00 -4.83335775e-01 -2.12207413e+00  2.37840473e+00
   2.19380242e+00  8.08658274e+00]
 [ 5.88757902e+00 -4.69601177e+00  3.35862404e+00  3.14252639e+00
  -6.16926673e+00  5.96912655e+00  4.03292542e-01 -4.67455407e-01
   2.63438414e+00  9.76125061e+00]
 [-8.25819430e-02  2.73311022e+00  2.33006192e+00  2.48136780e+00
  -2.06773240e-01  3.00284200e-01 -7.56063791e+00 -3.06851042e-01
   1.97334477e+00  5.60795617e+00]
 [-4.14576470e+00  2.81620967e+00 -1.47372850e-01  1.71221973e+00
  -1.94579824e+00  4.73176857e+00 -5.86124165e+00  8.39431124e+00
   1.68331715e+00  2.28977475e+00]
 [ 2.08016579e+00 -4.12914103e+00  4.01331628e+00  3.59820145e+00
  -4.93311708e+00  2.57076837e+00 -7.12637999e-01  7.63377288e-01
  -2.09152323e-01  6.70011675e+00]
 [-1.58311020e+00  1.46133392e+00  2.79739006e-01  1.99793020e+00
  -2.76690629e+00  5.52634589e+00 -4.06989825e+00  3.85936848e+00
   6.30158372e+00 -4.13901575e-01]
 [-8.63559689e+00  3.12607848e-02  1.70342361e+00  4.77651556e+00
   4.97785853e-01  1.80730846e+00 -8.27092245e+00  7.01863684e+00
   2.04693640e+00  8.08265795e+00]
 [ 8.57825818e-01 -1.23910405e+00  3.56530620e+00  2.83003713e+00
  -6.17118949e+00  3.56265359e+00 -1.86483977e+00  1.53035446e+00
   3.87722684e-01  6.15508585e+00]
 [-9.76037236e-01 -1.46444373e+00 -1.08627534e+00  9.34201045e-01
   1.08213266e+00  6.48210576e+00 -7.43399317e+00  2.20044920e+00
   1.49943653e+00  5.98986362e+00]
 [ 1.70901636e+00 -2.07043764e+00  2.31386736e+00  1.45161912e+00
  -5.04888419e+00  4.65700817e+00 -1.09926905e+00  1.26474521e+00
   1.52640281e+00  4.87549771e+00]
 [-4.20780370e+00  8.59300745e+00  2.85284243e+00  1.40883080e+00
  -1.20151315e+00  5.08100698e+00 -1.19311898e+01  4.70742377e+00
   5.78135059e+00  2.26348040e+00]
 [-4.42739224e+00  5.52048583e+00 -2.73227091e+00  2.27676748e+00
   3.50688063e+00  5.88948226e-01 -1.06455547e+01  8.13174677e+00
   1.23207600e+00  2.44028800e+00]
 [ 1.77430701e+00 -1.05591762e+00  1.67115448e+00  1.59442080e+00
  -5.34742274e+00  7.42003275e+00 -3.57023626e+00  3.43787907e+00
   2.29129761e+00  5.39152185e+00]
 [-9.36696810e-01 -1.36317211e+00  2.46489379e+00  6.02223605e-01
  -6.09190537e+00  6.62440945e+00 -2.01486831e+00  1.21539738e+00
   1.77998815e+00  4.52183969e+00]
 [ 3.71163424e+00 -1.88477141e+00 -1.26903882e+00 -1.14059376e+00
   1.37805944e+00  3.14870351e+00  6.32977153e-01 -1.19327958e+00
   2.94402320e+00  6.87763690e+00]
 [-5.98058562e+00  3.12145188e+00  1.63937456e+00  1.07340140e+00
  -3.56569051e+00  5.06324840e+00 -7.66197674e+00  2.91704287e+00
   8.43738176e-01  4.52891345e+00]
 [-9.37848718e-01 -3.19279726e+00  3.05601880e+00  2.39449357e+00
  -4.87705487e+00  4.95103029e+00 -2.80761828e+00  3.21432985e+00
   1.40600914e+00  4.43414411e+00]
 [-7.05500833e+00  2.59971908e+00 -7.03490230e-01 -1.95296615e-01
  -1.44834508e+00  5.07491050e+00 -6.02108601e+00  4.84567048e+00
   3.33514894e+00  2.77762600e+00]
 [ 1.99668507e+00 -2.75091883e+00  1.60252704e+00  2.64923052e+00
  -5.38448620e+00  6.60077465e+00 -3.47924091e+00  6.03804698e+00
   2.75206851e+00  1.18720515e+00]
 [-3.45078484e-01 -4.88479597e-01  2.55141077e+00  7.92421209e-01
  -5.57225034e+00  5.94975689e+00 -6.56414559e-01  1.15594917e+00
   3.45458312e+00  6.93743220e+00]
 [-2.10665869e+00 -1.10089822e+00  3.96510547e+00  2.98082281e+00
  -6.06793195e+00  4.41923927e+00 -1.79513078e+00 -7.59669219e-02
   1.75232280e+00  5.66830554e+00]
 [-6.79567382e-01 -1.51246076e+00  3.25207893e+00  2.46371224e+00
  -4.36429582e+00  3.23423872e+00 -1.47932464e+00  2.03785352e+00
   3.52935239e+00  6.54948216e+00]
 [ 7.27771636e-01 -1.53791099e+00  4.43231102e-01 -6.12606110e-01
  -1.34123171e+00  4.24926254e+00 -2.00638324e+00 -4.01721057e-01
   2.79798366e+00  7.55415461e+00]
 [-7.72397833e-01 -7.51266240e-01  2.23605597e+00  1.62129113e+00
  -4.87337700e+00  4.57824438e+00 -2.80399937e+00  3.85240735e+00
   2.05926192e+00  3.26134407e+00]
 [-4.25083600e+00  2.82596929e+00 -1.92953685e+00  1.62911645e+00
  -7.73175340e-01  9.61799758e+00 -1.34849476e+01  6.88670814e+00
   7.58863190e-01  1.36251214e+00]
 [ 6.29465803e-01 -5.40823830e-01 -8.66370488e-01  3.09591557e-01
  -1.93182592e-01  3.81250914e+00 -3.32517861e+00  8.24258369e-01
   2.15245722e+00  3.86691712e+00]
 [-2.60779551e-01  2.47848126e+00 -4.11512734e+00 -2.89995073e-01
   4.18481255e+00  6.35721108e+00 -9.27912291e+00  2.24759216e+00
   4.29356245e-01  4.43772386e+00]
 [-3.46468710e+00  1.78344626e+00 -2.12781062e+00  1.42737770e+00
   8.09665637e-01  8.37869665e+00 -1.37884540e+01  7.79508320e+00
   3.96762906e-01  3.82942018e-01]
 [ 7.97416823e-01 -3.58674347e+00  3.57140904e+00  4.99487939e+00
  -3.40175626e+00  2.78879756e+00 -3.28027415e+00  1.93045737e+00
   3.73208177e-01  6.46319162e+00]
 [-3.54084296e+00  2.66696455e+00 -1.92403668e+00 -1.77447568e-01
   9.76486676e-01  2.37295777e+00 -3.50752626e+00  2.22555088e+00
   1.23523500e+00  4.84838307e+00]
 [ 5.13706312e+00 -4.98291816e+00  9.91424873e-01  1.85283154e+00
  -1.77362720e+00  3.93518705e+00 -1.70116100e-02  1.73066466e+00
   2.14984864e+00  4.57909992e+00]
 [-5.11966228e+00  1.46781316e+00  3.44387575e+00  3.25094993e+00
  -5.48830895e+00  3.47154223e+00 -5.37181151e+00  5.09548761e+00
   6.64268749e-01  7.10612631e+00]
 [ 2.67913283e+00 -2.98115539e+00  1.15325502e+00  4.73570216e-01
  -4.01319515e+00  4.20098746e+00 -3.60241743e-01  1.64774400e+00
   1.17945460e+00  2.28283802e+00]
 [ 3.30261942e+00 -2.66678418e+00  1.43462909e-01  7.11975679e-01
  -7.95536131e-01  2.76493740e+00 -8.93737952e-01  2.26269292e+00
   2.20136949e+00  3.02019903e+00]
 [ 1.08397554e+00 -2.69489691e+00  1.42004825e+00  6.11120525e-01
  -3.26513693e+00  4.99546577e+00 -1.39223754e+00  6.20654961e-01
   8.47234284e-01  4.42505544e+00]
 [ 1.26456298e+00 -4.10944289e+00  3.86206238e+00  2.97664443e+00
  -5.86485703e+00  3.94915682e+00 -9.04177487e-01  1.75655611e+00
   3.31688179e+00  6.63073750e+00]
 [ 7.26009492e-02 -1.61661765e+00  2.85915598e-01  2.69981906e-02
  -3.36686327e+00  7.63655777e+00 -4.60802510e+00  3.51856571e+00
   2.42050494e+00  2.92093353e+00]
 [ 3.72996391e+00 -1.61011263e+00 -2.39349815e+00 -1.23819235e+00
   1.43043106e+00  5.51641586e+00 -4.81448984e+00  6.81041129e-01
   2.10668243e+00  4.62016995e+00]
 [-8.46209626e-01 -1.27866059e+00  1.95266338e-01  3.50726677e-01
  -2.06368765e+00  4.73910645e+00 -3.16746953e+00  2.56227557e+00
   1.11640449e+00  3.43253688e+00]
 [-4.03128212e+00  1.30965351e+00  7.41056315e-01  1.29507091e-02
  -1.86487482e+00  3.86084160e+00 -4.40936191e+00  2.30639045e+00
   3.37181047e+00  5.66729696e+00]
 [-4.03048520e+00  3.24155701e-01 -7.32913905e-01  3.91461501e-01
   6.68549814e-01  3.79145309e+00 -6.09363551e+00  3.49435163e+00
   2.58316576e+00  6.25937229e+00]
 [-5.87397283e+00  1.47105816e+01 -2.31863239e+00 -1.28999029e-01
   4.59107482e+00  2.44138147e-01 -1.68435287e+01  1.09762581e+01
   4.58352236e+00  1.17918612e+00]
 [-3.70107692e-01 -3.92671267e+00  1.87095109e+00  7.52514074e+00
  -3.07194305e-01  3.80932724e+00 -6.69294384e+00  5.12057915e+00
   4.48757104e+00  3.30778904e+00]
 [ 2.65448967e+00 -3.63524379e+00  2.74950034e+00  1.46215916e+00
  -6.34054312e+00  6.15775038e+00 -2.99315139e-01  8.77072902e-02
   2.46016320e-01  4.94724137e+00]
 [ 9.84363871e-01 -2.88254072e+00  1.64500061e+00  3.97898276e+00
  -3.53864208e+00  3.50701684e+00 -9.94403420e-02  5.20395773e+00
   4.87642514e+00  2.36292208e+00]
 [-4.92491630e-01  1.00725623e+00  1.02227901e+00  6.50885256e-01
  -5.13397339e+00  6.23017140e+00 -3.35939363e+00  2.60577459e+00
   1.42697122e+00  1.55168808e+00]
 [-2.44055549e+00  6.68801029e+00  4.63364957e+00  5.62367673e+00
  -6.04143548e+00  4.28628275e+00 -1.14204323e+01  6.61169707e+00
   3.26295281e+00  4.54948513e+00]
 [ 1.07808959e+00 -2.73898423e+00  2.84049334e+00  2.97055019e+00
  -4.28171536e+00  4.18195227e+00 -1.82247268e+00  8.30656312e-01
   2.91294103e+00  5.60462609e+00]
 [-2.94568899e+00  7.71813206e+00 -2.32948405e+00  5.58081844e-01
  -1.15582010e+00  1.05784021e+01 -1.53337284e+01  8.31553534e+00
   3.27634737e+00 -2.39001136e+00]
 [-9.31617875e-01 -1.80910476e+00  1.82469539e+00  8.22263985e-01
  -4.20212212e+00  5.67104052e+00 -3.01286812e+00  1.71623084e+00
   1.21055856e+00  3.76309427e+00]
 [ 5.16584244e-01  1.13515229e+00  3.04685328e+00  5.17310060e+00
  -4.07577033e+00  4.51410019e+00 -6.62106547e+00  4.80265110e+00
   4.16832957e+00  1.96142762e+00]
 [-7.31949810e-01 -5.87406250e-01  2.33320110e+00  5.06724278e-01
  -7.02244451e+00  7.28185744e+00 -1.78265217e+00  2.06660286e+00
   1.85473197e+00  3.41670539e+00]
 [-2.03104969e+00  4.11578105e+00 -6.35071899e+00 -1.62420065e+00
   4.31458589e+00  1.02759083e+01 -1.20024617e+01  5.59209451e+00
   1.45401102e+00 -1.48521376e+00]
 [-6.34629123e+00  1.94835818e+00 -1.63876316e+00  4.02551927e-01
   2.50591217e+00  4.34184693e+00 -1.04963503e+01  4.42017816e+00
   7.20094291e-01  3.30592452e+00]
 [-7.16711777e+00  3.40609203e+00 -4.50894811e+00  9.69436802e-01
   4.19445930e+00  2.57058688e+00 -8.06340357e+00  8.41996689e+00
   1.01938417e+00  6.24282718e+00]
 [ 4.64416513e+00 -5.21953010e+00  4.34814126e+00  3.95335165e+00
  -5.35221383e+00  3.35840780e+00  1.89140083e+00 -7.81603700e-01
   3.23148246e+00  9.71315007e+00]
 [ 4.85285165e-02 -4.75105185e-01 -2.19873995e+00 -1.11530262e+00
   1.39192834e+00  5.49069772e+00 -5.30910630e+00  2.59477934e+00
   2.71078192e+00  3.06402952e+00]
 [ 3.34816925e-01 -1.57391497e+00  9.05312694e-01 -1.51492370e-01
  -3.75927909e+00  6.14809632e+00 -1.43348323e+00  1.84681400e+00
   2.50773565e+00  3.70035603e+00]
 [ 3.37988027e-01 -5.20796124e-01  9.38686303e-01 -9.75009923e-01
  -5.56033421e+00  8.43061923e+00 -2.48627132e+00 -1.79448174e-01
   2.03014215e+00  4.83581828e+00]
 [-9.88038260e+00  7.35763823e+00 -5.12539308e+00  6.60491318e-01
   4.07137559e+00  9.27036367e+00 -1.98728993e+01  1.25224982e+01
  -1.68888413e-01 -1.24395138e+00]
 [ 1.12823569e-01 -2.29300170e+00  7.08307699e-02  2.33893745e+00
   1.59090988e+00 -1.60771419e+00 -6.47520691e-01  5.05934100e-01
  -1.28732079e+00  7.72368655e+00]
 [-2.19484776e+00 -9.99211959e-01  7.25883239e-01  4.59589573e-01
  -1.47027133e+00  5.98276401e+00 -4.36005446e+00  1.85382474e+00
   4.42052554e+00  5.73517990e+00]
 [ 4.03375467e+00 -3.45633018e+00  1.09241063e+00  1.12248579e+00
  -1.91523063e+00  3.18150425e+00  5.22969090e-01 -5.67017822e-01
   1.49123454e+00  6.53266401e+00]
 [ 4.01623232e+00 -1.71599822e+00 -1.78335317e+00 -2.06397667e-01
   2.72546653e-01  5.76494031e+00 -3.05732626e+00  3.70478534e+00
   2.34153374e+00  1.05789738e+00]
 [-1.06769026e+00  3.34092441e-01  6.51285454e-02 -9.97871310e-01
  -1.23823037e+00  4.18755955e+00 -2.33527733e+00  5.96639075e-01
   3.04852781e+00  4.77805536e+00]
 [-6.46012113e+00  2.39078473e+00 -1.10176450e+00  2.12087929e+00
   1.78995134e+00  5.62323684e+00 -1.35603347e+01  6.60152960e+00
   1.46857201e-02  5.40564905e+00]
 [-8.57597814e-01 -1.21110186e+00  9.36044260e-01  5.34263053e-01
  -3.81227433e+00  6.66006680e+00 -3.01152160e+00  8.82382212e-01
   2.12636215e+00  5.22367851e+00]
 [ 4.02280618e-01 -6.33654847e-01 -5.17035330e-02 -1.32316914e-01
  -2.33065708e+00  6.28377303e+00 -2.83973834e+00  1.25701615e+00
   2.40715307e+00  4.66451262e+00]
 [ 2.69616815e+00 -1.92433341e+00 -2.12125955e+00 -6.81790059e-01
   3.06466580e-01  6.07123201e+00 -4.11897987e+00  4.49904192e+00
   2.34900568e+00  1.75041994e-01]
 [-4.31078265e+00  2.37862649e+00  1.21496765e-01 -2.89322873e-01
  -2.17959106e+00  6.71026810e+00 -6.01924051e+00  2.10879064e+00
   2.73986681e+00  3.79362053e+00]
 [-4.66221431e+00  1.89690155e+00  4.08815713e+00  3.17940607e+00
  -6.08101079e+00  3.64513518e+00 -5.38721322e+00  4.58576791e+00
   7.24898927e-01  7.13259706e+00]
 [-6.47529202e+00  2.89062781e+00 -3.18260301e+00  5.75049644e-01
   2.66696318e+00  7.20173527e+00 -1.43835295e+01  8.93306041e+00
   1.67550979e+00  3.43440922e+00]
 [-2.82408090e+00  7.34771235e-01 -1.27340851e+00  1.39901831e+00
   2.74652380e+00  3.13100165e-01 -6.51613991e+00  2.59358943e+00
  -5.14304636e-01  6.35428985e+00]
 [ 6.76859664e-01 -2.62402528e+00  1.09077590e-01  9.33199168e-02
  -1.50539052e+00  3.88599547e+00 -2.07168257e+00  6.69775868e+00
   3.49543527e+00  4.49229297e+00]
 [ 1.20893260e+00 -2.27568132e+00  3.44990329e+00  2.29023475e+00
  -5.64908055e+00  4.44670911e+00 -1.40188411e+00 -1.20524424e+00
   1.57966614e+00  7.88467561e+00]
 [-5.15245452e+00 -2.37538913e+00  4.47740682e+00  1.23711673e+00
  -6.42942124e+00  5.13847847e+00 -4.48544684e+00  3.12252066e+00
   2.66091632e+00  9.51815910e+00]
 [ 7.86332092e-01 -2.49788908e+00  4.01786541e+00  1.88353057e+00
  -6.80486743e+00  5.59721328e+00 -1.52115047e+00 -2.06415809e+00
   7.55470982e-01  9.39820928e+00]
 [-9.84440441e-01 -2.39949250e+00  1.73214781e+00  4.17913700e+00
  -3.06723491e+00  2.66179847e+00 -5.60132627e-01  3.44778303e+00
   2.62642095e+00  2.33030910e+00]
 [-2.63842136e+00  4.43141667e+00  2.69866884e+00  4.38428450e+00
   5.80876665e-03 -5.29279773e-01 -1.12328463e+01  3.29678816e+00
   3.06801228e-01  7.21735138e+00]
 [-3.64678428e+00  4.61421292e-01 -8.32495814e-01  2.87055860e+00
  -4.26758275e-01  6.80030795e+00 -5.78965112e+00  7.08190381e+00
   6.54193387e+00 -1.71177930e-01]
 [-4.84017299e+00  3.08234797e+00 -4.04047109e+00 -6.49559015e-01
   4.26702209e+00  5.90449405e+00 -1.06962201e+01  7.81850236e+00
   1.42055266e+00  2.59636143e-01]
 [-1.40048437e+00 -2.12451900e+00  2.79739954e+00  5.17611428e+00
  -2.34803980e+00  5.23071062e+00 -5.75449833e+00  5.42832790e+00
   7.03758808e+00  3.02894567e+00]
 [-2.82791243e+00 -2.26093397e+00  3.01483429e+00  4.04052848e+00
  -5.24037120e+00  8.61487243e+00 -5.28566579e+00  6.16124187e+00
   3.45947568e+00  5.40645157e+00]
 [-1.55820740e+00  6.29696365e-01 -2.20850775e+00  6.69030466e-01
   2.15460377e+00  3.53258280e+00 -6.33085740e+00  6.09046924e+00
   9.04623490e-01  1.96289518e+00]
 [ 2.41274460e-01 -5.61931743e-01  1.45666245e+00  7.27285343e-01
  -4.21167368e+00  4.04686377e+00 -8.20400618e-01  2.82112978e+00
   2.72497230e+00  3.44307719e+00]
 [-1.00669433e+01  6.68106167e+00 -3.35703743e+00  1.99227994e+00
   3.28510643e+00  6.87578450e+00 -1.73950900e+01  1.04703430e+01
  -1.58470112e+00  2.09742551e+00]
 [ 4.09562644e+00 -3.41799956e+00  7.92044510e-01  2.04491447e+00
  -2.93828169e+00  3.57430582e+00 -6.26204171e-01  2.91309202e+00
   2.23838852e+00  3.71270884e-01]
 [-2.90989608e+00  1.45144690e+00 -5.21893853e-01  9.62874400e-01
  -2.16022068e+00  1.54634410e+00 -1.17343280e+00  3.53638275e+00
   5.57503984e-01  5.20554605e+00]
 [-3.65465839e+00  5.03541042e-01  7.14458366e-01 -4.37023396e-01
  -1.89448056e+00  5.32537251e+00 -5.02411263e+00  1.93381744e+00
   3.19430954e+00  5.07740126e+00]
 [ 1.70237283e+00 -3.08301961e+00  7.32058295e-02  3.53631558e-01
  -1.53705069e+00  5.86005173e+00 -3.47634469e+00  2.31927783e+00
   1.33018659e+00  3.60923014e+00]
 [ 3.10281067e+00 -4.18767302e+00  1.12942007e+00  1.57511993e+00
  -2.44991599e+00  6.22712494e+00 -4.31721297e+00  1.32208482e+00
   1.07239412e+00  7.16574378e+00]
 [ 3.00298156e+00 -4.47423095e+00  2.78146417e+00  4.95423531e+00
  -4.05929927e+00  6.23888488e+00 -1.74363976e+00  3.46612466e+00
   7.53392910e+00  4.79574643e+00]
 [ 4.64155551e+00 -5.47718135e+00  2.83424844e+00  2.93678804e+00
  -2.53732145e+00  2.16408074e+00  2.56697658e-01 -1.04751856e+00
   1.13034670e-01  8.17610397e+00]
 [ 1.43924120e+00 -2.71026514e+00  1.83623353e+00  3.06586585e+00
  -2.84533933e+00  4.23232089e+00 -2.50908516e+00  1.83784592e+00
   3.52786418e+00  4.15774001e+00]
 [-4.67988673e-01 -2.25307983e+00  3.54154656e+00  3.82745452e+00
  -3.25798412e+00  1.97641309e+00 -3.52461248e+00  2.22605821e+00
  -3.21243281e-01  8.25293695e+00]
 [ 4.24172667e+00 -3.71639151e+00 -7.04226030e-01  7.12733139e-01
  -5.88890434e-01  5.40553149e+00 -3.02197970e+00  3.25540400e+00
   1.30935883e+00  2.35940650e+00]
 [-6.31478528e+00  4.06751597e+00 -3.69105664e+00 -8.03417489e-01
   3.09706056e+00  8.11969900e+00 -1.28580077e+01  5.94378666e+00
   2.02187791e+00  2.25112633e+00]
 [-6.86950753e+00  3.83163038e+00  1.90772192e-01  6.87282639e-01
  -3.09441140e+00  8.16579331e+00 -1.12676268e+01  6.11672399e+00
   1.66204890e+00  2.50383714e+00]
 [-8.22549180e-01 -4.56529827e-01  1.74130386e+00  3.25035001e-01
  -4.76818916e+00  6.78234466e+00 -1.05735755e+00 -2.85216863e+00
   2.67971363e+00  6.03539047e+00]
 [ 1.82624764e+00 -1.64467432e+00  2.68048101e+00  9.32303227e-01
  -5.46827007e+00  3.92995704e+00  9.95947561e-01 -1.14731229e+00
   1.36656939e+00  5.85502783e+00]
 [-3.39748236e+00 -5.82531220e-01  2.62988454e+00  1.98552528e+00
  -3.70053097e+00  5.87294069e+00 -6.62286990e+00  4.93296400e+00
   2.65849382e+00  6.39257970e+00]
 [-4.91693315e+00  2.87158280e+00  2.99321954e+00  1.88564741e+00
  -3.81340458e+00  3.81204598e+00 -7.85729423e+00  3.27520084e+00
   2.76850676e+00  2.50836814e+00]
 [ 4.53977592e+00 -4.93812276e+00  5.12798434e-01  1.61604261e+00
  -2.11167494e-01  3.13336129e+00 -1.77444957e+00  1.40599729e+00
   6.93527557e-01  5.01874880e+00]
 [ 2.76671942e+00 -1.88786647e+00  1.20860519e-01  2.20444888e-01
  -2.13041799e+00  4.86186663e+00 -1.83355165e+00  4.92629238e-01
   1.00433416e+00  3.77733708e+00]
 [ 2.80313193e+00  7.12160432e+00 -4.97814883e+00  1.03452708e+00
   6.82686918e+00  3.38781167e-01 -1.10479305e+01  5.22400203e+00
   2.77527203e+00  3.09716753e+00]
 [-3.45735352e+00 -3.49309537e-01  2.43770706e+00  4.06895405e+00
  -3.77662634e+00  6.83170302e+00 -6.17274262e+00  5.34855967e+00
   5.62134544e+00  5.47081538e+00]
 [-3.72559261e+00  1.47694364e+00  2.25882577e+00  2.39019147e+00
  -4.27210042e+00  6.01709633e+00 -7.46963612e+00  3.94656133e+00
   3.56086026e-01  6.42847091e+00]
 [-6.03953035e+00  2.21145815e+00  2.18273296e+00  1.61452969e+00
  -3.68182016e+00  4.88395962e+00 -8.08283795e+00  2.58933096e+00
  -2.82829402e-01  5.86117733e+00]
 [-7.24904412e+00  3.18479761e+00  1.61380512e-01  1.74501625e+00
  -1.04232655e+00  2.57397698e+00 -7.22022317e+00  7.12548481e+00
   4.35617050e-01  5.29382859e+00]
 [-8.12684337e+00  6.56713860e+00 -5.18217181e+00  9.64951610e-01
   4.55764723e+00  3.26358912e+00 -1.25385697e+01  9.90490226e+00
  -1.24668880e+00  8.69003170e-01]
 [-2.40105774e+00 -2.73234556e-01  1.12227436e+00  2.65328202e+00
  -1.51453278e+00  4.06288184e+00 -5.72995615e+00  3.48341308e+00
   2.96816883e+00  2.97910884e+00]
 [-1.27815578e+00  1.04513736e+01 -5.81849193e+00  4.31676460e-01
   4.88716660e+00  1.75210784e+00 -1.35024553e+01  5.92436613e+00
   3.16919163e+00 -1.38728896e+00]
 [ 1.61281204e+00 -7.35254669e-01  7.51749040e-02 -1.32064607e-01
  -8.81947121e-01  3.70504754e+00 -1.43075020e+00 -4.41992080e-01
   1.69264727e+00  5.56778800e+00]
 [-1.19934480e-01 -2.73752370e+00  5.56024456e-02  3.21814674e+00
   2.17857296e-01  5.00456371e+00 -6.06954092e+00  6.79849525e+00
   3.92224121e+00  1.49488686e+00]
 [ 3.89598239e+00 -4.11369179e+00  1.44515892e+00  1.43544465e+00
  -1.35586320e+00  2.89250839e+00 -9.20103408e-02  1.00084622e+00
   2.54794051e+00  7.29003523e+00]
 [-6.38492421e+00 -1.27358750e-01  5.77703200e-01  2.15523989e+00
   4.08079785e-01  2.24122786e+00 -7.36231949e+00  5.32256343e+00
   1.03064427e+00  5.25992353e+00]
 [-3.89465207e+00  1.93370768e+00 -4.59610521e+00 -1.21745398e+00
   5.20781982e+00  5.47198471e+00 -1.01138482e+01  4.82259421e+00
   6.04806895e-01  1.80710157e+00]
 [ 2.18356906e-01  4.25486863e-01 -1.09837204e+00 -8.46126634e-01
  -3.22876462e-01  4.57377196e+00 -1.46886814e+00  9.88135924e-01
   4.95725418e+00  5.24511519e+00]
 [ 6.45954345e+00 -4.94212824e+00  2.42692875e-01  1.42632572e+00
  -7.35985927e-01  2.89717545e+00 -2.50302849e-01  8.76552746e-01
   4.80521855e-01  4.08431541e+00]
 [ 1.73191316e+00  4.38872304e-01 -1.04957469e+00  1.20143500e+00
  -1.80728945e+00  7.09266174e+00 -6.40958160e+00  2.02848297e+00
  -1.37895510e+00  8.78496837e-01]
 [-3.72393013e+00 -1.82340595e+00  2.35328096e+00  1.97922246e+00
  -1.42627372e+00  2.41886919e+00 -5.08199754e+00  2.32786806e+00
   1.37014316e+00  5.61925309e+00]
 [-2.88316390e+00  1.41278252e+00  1.19372033e+00  9.06209655e-01
  -3.86444059e+00  4.48663766e+00 -4.05319752e+00  2.76972074e+00
   1.65026180e+00  4.64481495e+00]
 [-6.72365782e+00 -8.72960025e-01  1.28141345e-01  4.12671988e+00
   2.84205075e+00 -1.07194680e+00 -6.65932710e+00  4.62488270e+00
  -7.60977395e-01  8.84093774e+00]
 [ 5.13138952e+00 -4.95073521e+00  1.80782202e+00  1.60224408e+00
  -3.05969116e+00  3.02317605e+00  6.40751422e-01  1.03164179e+00
   2.55216778e+00  6.41876772e+00]
 [-5.61329838e-01  7.35004291e-01  1.47645574e+00  4.57878298e-01
  -3.24916992e+00  3.76524044e+00 -4.91867338e+00  1.74849129e+00
   2.53789918e+00  3.66175182e+00]
 [-4.08092970e+00 -1.25174105e+00  1.49952320e+00 -7.75330925e-01
  -4.52249873e+00  6.22040863e+00 -4.06620112e+00  5.08167037e+00
   4.01212287e+00  2.96987628e+00]
 [-2.99066815e+00 -5.59925285e-02  1.62315971e+00  3.11931256e-01
  -3.14317131e+00  6.05305026e+00 -5.71263897e+00  9.03990432e-01
   2.08177609e+00  6.08476837e+00]
 [-1.80670338e+00 -9.20380937e-01  1.40944360e+00  1.79638846e+00
  -2.58267348e+00  3.60599269e+00 -4.36390513e+00  4.17568934e+00
   1.53074422e+00  2.41695485e+00]
 [-8.71751080e+00  3.61743421e+00 -2.24860508e+00  2.34200658e+00
   3.64194616e+00  3.58806495e+00 -1.32553448e+01  7.59713936e+00
  -8.84325122e-01  4.05791777e+00]
 [ 7.35944316e-01 -2.00482973e+00  2.82721019e+00  3.40496487e+00
  -5.63631223e+00  5.46114322e+00 -2.08434337e+00  3.60157007e+00
   3.01347777e+00  3.61216195e+00]
 [ 5.93614068e-02 -4.74772372e-01  1.29780369e+00 -2.48961075e-02
  -1.69475766e+00  2.31779542e+00  4.46264999e-02 -1.16030506e-01
   3.33480824e+00  6.51993828e+00]
 [-1.70765893e+00  3.30255600e-01  1.39392298e+00 -5.43464226e-01
  -3.78773911e+00  5.70920525e+00 -1.85902653e+00  8.70208956e-01
   4.36122371e+00  6.31248761e+00]
 [-5.10403690e-01 -2.02340067e-01  2.43053844e+00  1.93078321e+00
  -5.58101074e+00  3.71420874e+00 -1.22073829e+00  2.27363135e+00
   2.34512935e+00  4.01221182e+00]
 [ 2.12806056e+00 -3.27585993e+00  3.68849410e+00  4.37520142e+00
  -4.83526737e+00  3.11043517e+00 -2.97933169e+00  3.89210724e+00
  -9.06868332e-01  7.12657439e+00]
 [-1.48895012e+00  3.37179998e-01  2.03445658e+00  5.05513039e-01
  -7.66812450e+00  8.04118136e+00 -2.58700361e+00  6.01838480e+00
   3.18683285e+00  1.42709417e+00]
 [ 3.09418983e+00 -2.77738194e+00  1.98398609e+00  2.13230851e+00
  -3.72355119e+00  5.46827865e+00 -1.07682247e+00 -5.53884133e-01
   4.65183875e+00  8.07088654e+00]
 [-4.25386364e+00  2.73091816e+00 -5.22451348e-01  7.17962588e-02
  -1.49083926e+00  1.44406521e+00 -8.09767946e-01  3.35910280e+00
   2.40105958e+00  5.80349786e+00]
 [-9.76581422e-01  9.76029796e-01 -2.57096828e-01  9.71233775e-01
  -1.31982378e+00  6.11428442e+00 -6.50492389e+00  3.49132987e+00
   2.98534406e-01  2.44409708e+00]
 [-3.71103474e+00 -3.34846633e-01 -1.64967753e-01  1.68580403e+00
   8.95833049e-01  1.44115165e+00 -5.09005275e+00  4.68931396e+00
   1.48778943e+00  6.08070380e+00]
 [-8.08703183e+00  3.81478169e+00  2.88261536e+00  3.15214207e-01
  -7.18665277e+00  8.53717887e+00 -8.30729989e+00  4.49989422e+00
   3.65547554e+00  4.61203957e+00]
 [ 3.80272829e+00 -5.44740499e+00  3.42900499e-02  2.83948059e+00
   4.15084398e-01  3.99932151e+00 -2.73398541e+00  3.62345207e+00
   2.34281468e+00  1.48252224e+00]
 [-2.45841533e+00  7.30215208e-01 -1.92468708e+00 -9.33704600e-01
   1.27978539e+00  4.51058716e+00 -5.04465414e+00  2.38213057e+00
   2.86711565e+00  3.64395467e+00]
 [ 3.76178916e+00 -3.49723205e+00 -8.38127670e-01  1.04910278e-01
   7.68386805e-01  4.23482351e+00 -2.26016155e+00  1.37518212e+00
   1.41198184e+00  4.49654440e+00]
 [ 1.94577568e+00 -3.21546893e+00  1.84588252e+00  1.59224689e+00
  -2.84016882e+00  3.85768656e+00 -1.80529185e+00  9.16011582e-01
   1.27488549e+00  5.72241251e+00]
 [ 4.72511334e-02 -3.07268148e+00  2.38966695e+00  3.08581561e+00
  -3.02555508e+00  5.07978453e+00 -3.38651224e+00  4.07447219e+00
   5.25070810e+00  6.00672845e+00]
 [ 5.72508902e-01  6.59433032e-01 -3.47602135e+00 -1.37099700e+00
   2.46312209e+00  5.32798399e+00 -5.79641212e+00  4.16246219e+00
   2.16173806e+00  9.22156700e-02]
 [-6.03611681e-01  1.96134880e+00 -3.66961133e+00  6.83711843e-01
   5.24235866e+00  5.85378363e-01 -4.90058946e+00  5.06380132e+00
   3.60575250e+00  5.61040648e+00]
 [-8.48961688e+00 -2.73648533e-01  1.76636518e+00  1.36507817e+00
  -1.79038411e+00  4.34366390e+00 -7.16927863e+00  4.89744235e+00
   4.35718169e+00  8.96350829e+00]
 [-4.18061857e-01 -2.89140492e+00  3.11531970e+00  3.34333500e+00
  -4.92011256e+00  5.88051998e+00 -5.22574695e+00  6.84256491e+00
   2.50610876e+00  6.20614490e+00]
 [-6.65270660e-01 -5.48974014e-01  3.48913558e+00  2.21985875e+00
  -6.22675192e+00  4.05421579e+00 -1.69564479e+00  1.96260652e+00
   9.63604107e-01  5.85948398e+00]
 [ 2.45115482e+00 -2.44659539e+00  1.36555441e+00  2.04681219e+00
  -3.88138060e+00  4.57750874e+00 -2.09257927e+00  4.11106329e+00
   5.13725922e-01  1.71825746e+00]
 [-7.54304985e+00 -1.03555990e-01  2.00416877e+00  7.83439908e-01
  -2.11356839e+00  4.93934596e+00 -8.63462301e+00  2.59871227e+00
   2.65184471e+00  9.32730686e+00]
 [-3.76169953e+00  1.24932301e+00  2.36694595e+00  1.62036984e+00
  -4.82545586e+00  4.56605410e+00 -3.67079905e+00  5.77268634e+00
   2.78883206e+00  5.67615980e+00]
 [-9.19404587e-01 -1.98507868e-01  2.06074118e+00  1.34049342e+00
  -6.20393936e+00  7.19351879e+00 -4.18797752e+00  1.79731242e+00
  -3.96078750e-02  3.51468111e+00]
 [-4.37309817e+00  1.14929822e+01  2.23611639e+00  2.49591694e+00
  -2.36030176e+00  6.66287631e+00 -1.50613202e+01  8.64496340e+00
   6.83525447e+00 -1.31927849e-01]
 [-7.01158423e-01  1.03746240e+00 -2.20315414e+00 -1.26539767e+00
   6.32047107e-01  6.94607511e+00 -6.29077449e+00  3.26750599e+00
   2.36810725e+00  1.36624696e+00]
 [-1.71554220e+00 -5.53043022e-01  3.52856014e+00  2.81152578e+00
  -7.06179727e+00  6.30085487e+00 -9.56587943e-01  2.15429300e+00
   5.12293465e+00  4.25933744e+00]
 [-2.53656819e+00 -4.36481807e-01  3.14488014e+00  4.27686162e+00
  -4.75764330e+00  4.99681754e+00 -5.22341567e+00  4.07498258e+00
   3.26559710e+00  4.77240567e+00]
 [ 6.12101920e+00 -4.18190982e+00  7.04413710e-01  1.92662089e+00
  -3.09661300e+00  3.38485659e+00 -2.50544286e-01  3.09179931e+00
   7.58866889e-01  5.11197789e-01]
 [-1.04971677e+01  5.36028292e+00 -3.42858007e+00  2.01847516e+00
   5.15210941e+00  5.88565184e+00 -1.82283283e+01  7.66701617e+00
  -2.25858269e+00  2.31182302e+00]
 [-1.88121296e+00 -1.25553048e+00  2.26694451e+00  1.57102510e+00
  -3.33699126e+00  4.63928876e+00 -4.27766620e+00  2.93345913e+00
   2.50310758e+00  6.27145106e+00]
 [-3.58954536e+00  1.30065153e+00  2.61643540e+00  2.00343699e+00
  -4.11997734e+00  3.49922383e+00 -4.81530703e+00  3.43355487e+00
   6.50662390e-01  5.83095016e+00]
 [-3.57527627e+00 -9.00794514e-01  1.88185805e+00  2.54102317e+00
  -2.92218949e+00  5.14510933e+00 -5.84816644e+00  5.65295980e+00
   5.29949752e+00  4.77395936e+00]
 [ 2.45890268e+00 -2.32296322e+00  2.96029009e+00  7.12722153e-01
  -5.98530262e+00  5.50874409e+00  9.82166650e-01 -1.36621272e+00
   2.67850982e+00  8.98034513e+00]
 [ 6.58353124e+00 -5.50977216e+00  3.39287804e-01  1.22201757e+00
  -1.39816223e+00  4.57109995e+00 -7.08742518e-01  9.03195336e-01
   7.21182803e-01  5.21823524e+00]
 [ 2.38617567e+00 -3.79299193e+00  4.05432130e+00  4.16911183e+00
  -4.70958467e+00  3.61009823e+00 -1.26451984e+00  5.89362069e-01
   2.90051597e+00  9.71730059e+00]
 [-1.09980919e+00 -3.63795324e+00  3.33403225e-01  1.54660869e+00
   8.19954313e-01  3.46747175e+00 -6.01139977e+00  3.62337446e+00
   1.14295643e+00  5.51219452e+00]
 [ 2.49233086e+00 -1.89729766e+00 -2.36191426e+00 -6.56912509e-01
   9.45088861e-01  4.86373878e+00 -2.12293280e+00  4.03990307e+00
   3.11169732e+00  3.00285750e-01]
 [-3.21583736e+00 -2.67493865e-02 -2.32846974e+00  6.89589754e-01
   3.48433836e+00  7.46417142e-01 -5.30249340e+00  3.79844548e+00
  -2.42138628e-01  4.71290483e+00]
 [-5.87697880e+00  5.31489966e+00 -1.58273376e+00  5.90575124e-01
   7.97290481e-01  2.52786897e+00 -9.23274619e+00  5.46537060e+00
   1.84564279e+00  2.67825703e+00]
 [ 5.46622090e+00 -2.67998621e+00 -2.27934656e+00 -1.12865278e+00
   1.12350901e+00  4.56967274e+00 -1.29403055e+00  1.07380356e+00
   1.49245388e+00  2.35763921e+00]
 [-3.29298239e-01 -4.59259987e-01  1.63072531e+00  2.76444325e+00
  -3.01108128e+00  3.33486003e+00 -4.44357620e+00  4.66334642e+00
   1.22404103e+00  2.98606341e+00]
 [-5.70063003e+00  4.04142385e-01  1.44165048e+00  1.37793185e+00
  -6.76100544e-01  3.78128214e+00 -8.39542015e+00  2.30262615e+00
   1.18679737e+00  5.86185583e+00]
 [ 4.99206864e-01 -3.39592651e+00  3.52857017e+00  2.24548535e+00
  -6.24788884e+00  3.93063268e+00 -8.71473171e-01  2.46788779e+00
   2.63026225e+00  5.25343129e+00]
 [ 3.92233961e-01 -3.02496424e+00  2.29969679e+00  3.20385071e+00
  -1.99665974e+00  1.21635721e+00 -2.02873033e+00  1.40471838e+00
  -4.09954470e-01  6.13746196e+00]
 [-1.33468581e+00 -3.28812945e+00  1.63773046e+00  4.94448284e+00
  -1.44554630e+00  5.31894031e+00 -4.91315456e+00  5.59265702e+00
   5.00819180e+00  1.37276003e+00]
 [ 2.28098927e+00 -2.13990330e+00  1.98024740e+00  1.21318442e+00
  -4.25935645e+00  3.89589505e+00 -3.52857969e-01  8.66317714e-01
   1.87140506e+00  4.56100929e+00]
 [-6.69408611e+00  1.22549494e+00  6.49149377e-01 -5.08013483e-01
  -1.67251382e+00  6.27796959e+00 -8.42804776e+00  3.41819680e+00
   3.57313757e+00  4.93433172e+00]
 [-1.22028322e+00  3.13373576e+00  6.48975575e-01 -5.10565781e-02
  -2.93015107e+00  6.47528736e+00 -7.77388634e+00  4.21050898e+00
   5.19403080e+00  2.68075116e+00]
 [-9.72103838e-01 -3.17852777e+00  3.35737153e+00  2.42494182e+00
  -3.39226097e+00  2.83272604e+00 -4.26213215e+00  2.54436467e-01
  -2.32050201e-01  9.45969999e+00]
 [ 3.27699846e+00 -2.89792064e+00 -1.27481121e+00 -2.10022725e-01
   2.80862038e+00  3.86708961e+00 -2.84800812e+00  1.26604630e+00
   3.56477968e+00  6.61937969e+00]
 [ 3.65488584e+00 -2.45464692e+00  1.86087536e+00  1.32111823e+00
  -3.77914872e+00  4.56373081e+00 -1.22656306e-02 -9.50812177e-01
   3.52721702e+00  7.99132172e+00]
 [-6.24623979e+00  4.32592040e+00 -2.35237240e+00  1.73677129e+00
   1.97479106e+00  5.45720444e+00 -1.32957913e+01  9.47542611e+00
  -3.06168267e-01  3.06456556e+00]
 [-1.71896562e+00 -2.18722544e+00  6.64107802e-02  4.34463591e+00
  -4.13950864e-01  6.39838027e+00 -6.32319399e+00  6.17342285e+00
   6.41448033e+00  1.45881315e+00]
 [-1.54451494e+00  6.74537357e-01  1.69406939e+00  3.53714240e+00
  -6.51286216e+00  1.09764578e+01 -5.92164604e+00  9.51674103e+00
   6.59282727e+00  9.28978596e-01]
 [-1.80429879e+00 -2.72774406e-01  2.23929005e+00  1.18043254e+00
  -4.54233245e+00  4.13311718e+00 -3.40945177e+00  2.37411645e+00
   2.44261853e+00  3.94316329e+00]
 [-1.67678396e+00  3.58438824e+00  3.06621477e-01  3.06128755e+00
   1.58859220e+00  5.21229560e+00 -1.27230487e+01  5.52027235e+00
   6.93393583e+00  2.61411269e+00]
 [ 1.58033046e+00 -3.65298654e+00  3.92587258e+00  3.17153036e+00
  -4.15952895e+00  1.97442037e+00 -3.91016717e-01  3.15704188e-01
   1.35218942e+00  7.99697301e+00]
 [-1.37164243e+00 -7.90534865e-02 -1.24424242e+00 -1.35475542e+00
  -1.04439724e+00  6.60496587e+00 -3.25561802e+00  4.80150622e-02
   1.54904425e+00  4.21080851e+00]
 [-1.08897064e+00 -5.58918335e-01  2.92186067e+00  4.03862683e+00
  -3.38847332e+00  2.05851689e+00 -4.06259528e+00  2.56619022e+00
  -5.38900038e-01  5.87288253e+00]
 [ 5.58633771e-01 -3.13372882e+00  2.28775350e+00  3.13581460e+00
  -2.06571978e+00  7.42068931e-01 -3.77176122e-01  1.22895442e+00
   9.61130776e-01  8.14392745e+00]
 [-1.20360681e+00 -1.60536914e+00  2.70863326e+00  1.31103809e+00
  -5.72437838e+00  6.21545122e+00 -2.99199379e+00  1.61085889e+00
   1.24761073e+00  4.90458273e+00]
 [ 4.48299272e-01 -3.95284621e+00  2.12299320e+00  5.35487351e-01
  -4.63826518e+00  5.07561832e+00 -2.25147205e+00  2.66691728e+00
   2.75904052e+00  6.20316234e+00]
 [-3.90203803e+00 -7.43953304e-01  6.97795792e-01  1.74508309e+00
  -7.68062267e-01  2.42364403e+00 -4.59052871e+00  4.68447202e+00
   1.86067959e+00  3.55198154e+00]
 [ 6.19911133e-01 -7.45949899e-01  2.88517441e+00  1.96445935e+00
  -4.72262833e+00  2.84966091e+00 -4.31925152e-01  4.96064069e-01
   8.90510317e-01  7.06270695e+00]
 [-9.32101813e-01 -4.24677946e-01  1.75993002e+00  1.32870868e+00
  -4.59004746e+00  6.04033217e+00 -3.69391371e+00  1.70103476e-01
   9.52283017e-02  4.65234561e+00]
 [-1.71601659e+00  9.23788192e+00  4.98895704e-02  1.75964905e+00
   1.93939020e+00 -2.71464172e-01 -1.31427851e+01  4.24345644e+00
   4.36847439e+00  3.02363438e+00]
 [ 1.35048018e+00 -2.02916947e+00  1.68022188e+00  2.18497861e+00
  -2.70144850e+00  2.68394227e+00 -2.75770313e+00  8.99943718e-01
   4.84705819e-01  3.52950498e+00]
 [ 5.82810348e+00 -3.67020103e+00 -2.04729837e+00 -8.24165947e-02
   1.08754462e+00  3.84934441e+00 -1.18194163e+00  3.28896660e+00
   9.92406793e-01 -3.41983033e-01]
 [ 1.71766062e+00  5.91985212e+00  3.78222696e-01  2.11379153e+00
   3.91033341e-01  7.33397330e-01 -1.02605662e+01  1.89565064e+00
   3.44128231e+00  2.14936852e+00]
 [-5.44606183e+00 -1.86184728e+00  3.51483025e+00  3.17609623e+00
  -2.14059348e+00  3.31411124e+00 -7.71072068e+00  2.69584538e+00
   1.21420920e+00  7.91567264e+00]
 [ 4.63389354e+00 -3.43856077e+00 -1.53825554e+00  1.58946589e-01
   4.60368260e-01  4.66434262e+00 -2.37348744e+00  2.94968027e+00
   7.71544690e-01  8.74722287e-01]
 [-1.21241319e+00 -1.34463400e+00 -6.79397589e-01  1.91531918e+00
   2.68007373e-02  1.45022651e+00 -3.33721641e+00  3.47166072e+00
  -1.01269460e+00  5.00872448e+00]
 [-7.12542280e+00  3.15035063e+00  9.58147870e-01 -1.41107870e+00
  -5.53719888e+00  8.66408614e+00 -6.59578708e+00  4.34111921e+00
   4.59953238e+00  1.86148045e+00]
 [-3.14703507e+00 -2.37497397e-01  1.77714524e+00  3.33666855e+00
  -1.44255456e+00  5.91815861e+00 -7.78099239e+00  4.90448016e+00
   3.61025187e+00  4.92837703e+00]
 [-7.58486019e+00  2.14506245e+00  3.28770523e-01  6.00612643e-01
  -1.59224493e+00  4.76382416e+00 -7.12575677e+00  4.25221832e+00
   3.33948985e+00  4.35914631e+00]
 [-7.41760180e+00  3.33723982e+00  3.23003369e+00  2.03972557e+00
  -3.35570898e+00  5.26093140e+00 -1.03045924e+01  4.50379183e+00
   3.00515232e+00  8.26771463e+00]
 [-3.18061702e+00 -5.72532386e-01  1.74759413e+00  3.70443676e+00
  -2.96825406e+00  7.75887797e+00 -9.85783833e+00  4.71833251e+00
   1.58019668e+00  5.91821685e+00]
 [-5.78498286e-01 -3.51472946e+00  1.15896898e+00  7.58316925e-01
  -1.21231050e+00  4.07823792e+00 -4.70386446e+00  5.93194141e+00
   2.39914729e+00  5.93267535e+00]
 [-3.01638144e+00  3.04474083e+00 -3.32832295e+00 -2.90848871e-01
   2.01089745e+00  6.60125041e+00 -1.05056304e+01  3.56468606e+00
  -3.76231835e-01  1.02230882e+00]
 [-7.03418039e+00  2.07422668e+00 -2.64524320e+00 -4.93759467e-01
   2.62725374e+00  4.00609162e+00 -7.00485148e+00  6.14613400e+00
   3.61847859e+00  3.18371677e+00]
 [-9.71417841e-01  3.82682656e+00 -4.68534228e+00 -1.13158583e+00
   3.14151247e+00  3.92975935e+00 -5.93169569e+00  9.52324048e+00
   3.16692508e+00 -2.53372551e-01]
 [-1.70960078e+00  1.27305189e+01  3.61663068e+00  2.57478743e+00
  -7.96400918e-01  3.27840831e+00 -1.34472734e+01  6.98367579e+00
   9.64668566e+00 -1.92226063e+00]
 [ 8.41455441e-01 -6.98853167e+00  3.48606486e+00  7.60059689e+00
  -4.10093303e+00  7.36361710e+00 -3.79912147e+00  5.95727261e+00
   7.16719191e+00  1.38908299e+00]
 [-1.55888704e+00  1.11715537e+00 -1.30765842e+00  5.39359267e-01
  -7.22582132e-01  2.23195364e+00 -3.20967781e+00  4.63648823e+00
   1.41384523e+00  2.61852802e+00]
 [-9.81023957e+00  3.00517451e+00 -3.69652701e-01  3.07415913e+00
   1.55566967e-01  1.65452041e+00 -7.96359523e+00  9.41831737e+00
   3.92053013e-01  6.67040505e+00]
 [ 6.00178787e-01 -3.69241570e+00  1.35754856e+00  1.76383246e+00
  -2.00056485e+00  4.78656270e+00 -3.45847896e+00  2.29517782e+00
   1.09907612e+00  3.93532453e+00]
 [ 3.16273381e+00 -3.94876151e+00  2.87477345e+00  3.12984993e+00
  -3.77039496e+00  3.23298752e+00 -7.75107849e-01  1.48506620e+00
   2.54809360e+00  6.52621883e+00]
 [-3.24012022e+00 -7.04133501e-01  1.79880867e+00 -4.42359264e-01
  -1.58349827e+00  4.75850885e+00 -3.77073947e+00 -8.17665973e-01
   3.10701107e+00  1.01460822e+01]
 [-4.80416557e+00  5.65861391e+00  2.06776601e+00  4.82736121e+00
  -1.77767267e+00  2.92116700e+00 -1.12480264e+01  6.88279711e+00
   3.75162397e+00  3.75695083e+00]
 [ 8.47743872e-01 -9.75802637e-01  1.36418373e+00  1.43525631e+00
  -3.46486932e+00  3.76102121e+00 -2.20434823e+00  1.37516749e+00
   2.28857329e+00  2.76008383e+00]
 [ 4.00523921e+00 -3.53951757e+00  4.14273914e-01  4.38770671e-01
  -1.89480958e+00  4.41747033e+00 -1.00412351e-01  1.92040311e+00
   2.14429340e+00  3.76103278e+00]
 [-3.14143342e+00  3.83630170e-01 -1.37254816e+00 -1.43677423e-01
   8.00726846e-01  7.24718801e+00 -9.73911948e+00  4.33611148e+00
   1.96821506e+00  3.85816923e+00]
 [-4.12426466e+00  3.36636470e+00  1.12189659e-01 -1.31000884e+00
  -4.86828783e+00  7.47146019e+00 -4.07141541e+00  3.87278943e+00
   3.88659827e+00  1.67905263e+00]
 [-1.06605517e+01  7.20639126e+00 -1.89851255e+00  1.21736105e+00
   3.73293455e-01  3.92825187e+00 -1.19120091e+01  1.06347057e+01
   1.44099603e+00  4.59336761e+00]
 [-8.05470522e+00  1.78107461e+00  3.31040802e-01  1.79022971e+00
  -6.38217154e-01  3.00394165e+00 -6.79288814e+00  5.80719516e+00
   1.77343044e+00  4.82091047e+00]
 [ 2.18424362e+00 -1.00343970e+00 -1.45130964e+00  6.94070956e-01
   4.18888406e-01  4.35168230e+00 -5.01887729e+00  2.88960814e+00
   1.34941668e+00  3.17855520e+00]
 [-2.25690767e+00 -1.11803320e+00  4.12219701e+00  5.73052887e+00
  -6.41386576e+00  6.13812431e+00 -5.28375130e+00  4.42868501e+00
   2.05374100e+00  4.35862830e+00]
 [-4.21809296e+00  1.98250102e+00 -8.46049050e-01 -1.27931864e-02
   2.04040267e-01  3.31802863e+00 -4.90135741e+00  4.92469548e+00
   3.01354718e+00  2.83051472e+00]
 [ 1.30788473e+00  3.39761742e-01 -1.52499108e+00 -6.04672602e-01
  -7.31315242e-01  7.40017533e+00 -6.09574664e+00  1.69234686e+00
   2.21341422e+00  4.68036805e+00]
 [-9.32278040e-01 -3.60408897e+00  2.20929324e+00  1.78131171e+00
  -3.45563702e+00  4.77625049e+00 -2.61079916e+00  2.65730859e+00
   2.88092584e+00  6.96901344e+00]
 [-2.18343747e+00 -1.98259628e-01  3.58952192e-03  2.20292936e+00
   1.54937449e+00  1.65515039e+00 -7.50655203e+00  4.51182125e+00
   3.04077235e-01  5.53209871e+00]
 [-7.03898788e+00  3.66198327e+00 -1.70902825e+00 -1.63890681e-01
   1.47479361e+00  5.08234207e+00 -1.05852336e+01  6.06817313e+00
   1.76081109e+00  3.40861192e+00]
 [ 1.44164668e+00 -3.43694855e+00  2.89388617e+00  4.53164351e+00
  -4.03773957e+00  3.53438066e+00 -3.95103849e-01  2.12921751e+00
   4.33018280e+00  2.36287873e+00]
 [-7.92050127e+00  7.32659886e+00  2.02973308e+00  2.52393528e+00
  -3.65115454e+00  5.43250490e+00 -1.26755946e+01  7.97471511e+00
   1.08424472e+00  3.78326245e+00]
 [-3.89380979e+00 -2.70745598e-01  3.42999326e+00  2.44123827e+00
  -4.94443020e+00  2.89067415e+00 -4.21665321e+00  3.58150085e+00
   2.43490600e+00  8.52555267e+00]
 [-4.34409284e+00  3.19721824e+00  3.35310503e+00  7.04192879e-01
  -6.87744688e+00  7.03120219e+00 -6.55785303e+00  1.52391245e+00
   3.44355838e+00  4.78457921e+00]
 [ 1.38621337e+00 -2.20437203e+00  2.74054840e+00  2.47090460e+00
  -4.70126496e+00  3.53337058e+00  3.67701157e-02  2.16378718e+00
   3.95782884e+00  5.90980145e+00]
 [-3.98727156e-01 -1.60925972e+00  2.76955970e+00  2.18263121e+00
  -3.24135229e+00  2.37755057e+00 -1.67606654e+00  5.78753778e-01
   5.93839979e-01  8.06890666e+00]
 [ 1.38156664e+00  5.02852331e+00  3.13556171e-01  1.74138365e+00
  -7.03537058e-01  2.67566697e+00 -7.82159963e+00  2.51039004e+00
   3.50889594e+00  1.50512296e+00]
 [-6.02335206e+00  2.15343852e+00  2.72434291e+00  2.31996406e+00
  -5.50150764e+00  6.75294391e+00 -7.00681247e+00  4.03119368e+00
   2.04835934e+00  4.63413338e+00]
 [ 4.47460567e+00 -3.07574075e+00 -1.94235891e+00  2.96912411e-02
   1.04989399e+00  4.27573737e+00 -2.53222884e+00  3.55567308e+00
   9.93838170e-01 -8.07491774e-02]
 [ 1.75240963e+00 -6.15454958e-01 -2.09180999e-01 -1.12106805e+00
  -2.48851180e-01  3.01967729e+00  1.47685627e+00 -2.26171072e+00
   2.90228856e+00  7.20336705e+00]
 [-3.97926929e+00  3.96699311e+00 -8.80059900e-01 -1.18686089e+00
  -3.95559446e+00  7.42595326e+00 -4.20386047e+00  4.07798257e+00
   5.44070931e+00 -3.41411210e-01]
 [-3.56686960e+00  1.50213763e-02 -6.18970550e-01 -8.93564074e-01
   7.29556127e-01  5.57453220e+00 -6.89191286e+00  2.64407539e+00
   3.30009882e+00  5.15624618e+00]
 [-5.23625085e+00  2.67095105e-01  7.22097645e-01 -6.33158172e-02
  -2.87333147e+00  5.91092868e+00 -5.47901114e+00  5.35295092e+00
   4.20470616e+00  2.43865511e+00]
 [-7.94116260e-01 -1.91279969e+00  1.96675468e+00  1.76203516e+00
  -3.62749912e+00  4.85834916e+00 -3.50718197e+00  2.02201279e+00
   2.07513707e+00  5.27361404e+00]
 [-3.15134477e+00 -6.61617303e-01  9.93496307e-01  4.52913676e+00
  -1.34187055e+00  4.93556269e+00 -4.86925500e+00  3.39392066e+00
   5.24262625e+00  5.23147072e+00]
 [ 4.49883714e+00 -4.60880512e+00  1.93643777e-01  2.48972073e+00
  -5.98343467e-01  2.19395211e+00 -1.98460121e+00  3.47727884e+00
   2.23380675e-02  2.81127975e+00]
 [ 1.84037335e+00 -7.70623761e-01 -1.73838622e+00 -4.28264651e-02
   4.25058300e-01  6.07113275e+00 -6.17324480e+00  2.57695815e+00
   1.95575010e+00  3.48960544e+00]
 [ 5.06747687e+00 -1.40228024e+00  1.39813483e-01 -9.21127890e-01
  -2.95957782e+00  4.73415859e+00  1.14122793e+00 -2.07567995e+00
   2.44236598e+00  6.61244521e+00]
 [-4.39940664e+00  2.54692268e+00 -1.82876689e+00  4.24564499e-01
   4.90743942e-01  3.15044928e+00 -4.43393681e+00  5.78156826e+00
   2.06783941e+00  4.77778853e+00]
 [ 2.43023326e+00  3.11343742e-01 -7.20088237e-01 -2.09470329e+00
  -1.87431613e+00  6.10574699e+00 -2.29819934e-01 -2.00763856e+00
   2.95467377e+00  7.08588241e+00]
 [-2.30062046e-01 -4.22627367e+00  3.51077194e+00  6.41033547e+00
  -4.60546784e+00  4.71085790e+00 -1.68316763e+00  5.03032500e+00
   4.83219987e+00  1.66486666e+00]
 [-1.89603555e+00  5.45053866e+00  9.76960133e-01  3.34379619e-01
  -1.39518822e+00  4.20941880e+00 -9.38384604e+00  3.02941735e+00
   5.66203628e+00  3.55635706e+00]
 [-3.33873008e+00  8.98778168e-01  3.82750762e+00  3.71073465e+00
  -6.67939006e+00  3.32547714e+00 -2.55158771e+00  5.34214254e+00
   1.66324352e+00  6.16857719e+00]
 [-2.84533953e+00  2.16294009e+00  9.54063818e-01  9.85377199e-01
  -1.06489401e+00  3.36182694e+00 -7.29845077e+00  3.20034506e+00
   2.50050418e+00  2.77041340e+00]
 [ 2.48043184e+00 -4.42325159e+00  3.95169222e+00  2.86548393e+00
  -5.41039654e+00  3.09018617e+00  4.46549322e-01  1.88441334e+00
   2.39922235e+00  7.12456908e+00]
 [ 5.37534674e+00 -4.00301161e+00  2.16967691e-01  1.56939754e+00
  -1.42138314e+00  2.07939171e+00  4.56187095e-01  2.08539338e+00
   3.02051680e-02  1.26341085e+00]
 [ 1.82324380e+00 -1.92394377e+00 -1.05990254e+00 -6.34774903e-01
  -4.94178563e-01  5.76204249e+00 -3.05220577e+00  2.67386373e+00
   2.54100831e+00  2.89726970e+00]
 [ 2.38629033e+00 -3.79581308e+00  1.50476767e+00  1.27147018e+00
  -1.39650354e+00  3.46043873e+00 -9.45502923e-01  9.36265974e-01
   2.30028467e+00  7.36549955e+00]
 [ 1.50881173e+00 -3.17335684e+00  3.23575196e+00  3.59052011e+00
  -5.50384517e+00  5.09951999e+00 -2.43644520e-01  8.02627966e-01
   3.76659988e+00  4.43781431e+00]
 [-1.24934804e+00 -1.15407061e+00  1.37227171e+00  3.92588967e+00
  -3.14408593e+00  6.44690419e+00 -5.24077120e+00  9.94794735e+00
   4.56924343e+00 -2.97871517e-01]
 [ 6.68475473e-01  9.49958955e-01 -1.90128952e+00 -6.20277814e-01
   5.66080423e-01  6.34703033e+00 -5.69822673e+00  4.51878486e-01
   2.37675842e+00  5.95856112e+00]
 [-4.53969969e-02  8.49474717e-01 -1.34564873e+00  1.64418056e-01
   2.05967200e-02  6.23384278e+00 -6.55905403e+00  5.93705268e-01
   1.80080817e-01  4.18164499e+00]
 [-5.79894120e+00 -6.30763997e-01  1.86119092e+00  5.95113604e+00
  -1.19298596e+00  5.84573167e+00 -9.23915819e+00  6.38255796e+00
   4.38144316e+00  6.05260332e+00]
 [ 5.69254755e+00 -5.02011123e+00  9.65667078e-01  1.47210058e+00
  -2.30367411e+00  4.53392456e+00 -5.88704671e-01  1.55925576e+00
   1.55428194e+00  5.41852451e+00]
 [-4.98856370e+00  3.20636394e+00  1.25359220e-01 -6.69122411e-01
  -5.18169187e+00  8.98644116e+00 -4.67634263e+00  4.42113654e+00
   6.68204705e+00 -3.17587813e-01]
 [-5.19677640e+00  2.80130655e-01 -2.11521522e+00  1.88122689e+00
   4.06706320e+00  2.36251458e+00 -7.08962614e+00  3.99364166e+00
   1.12513726e+00  5.78116464e+00]
 [-4.23496753e+00  2.76416993e+00  1.81269951e+00  7.76477085e-01
  -5.90631128e+00  5.42101278e+00 -4.02526604e+00  5.26337856e+00
   2.96970210e+00  3.79245231e+00]
 [ 2.18202317e+00 -4.39841857e+00  3.85126861e+00  4.27474243e+00
  -4.31373096e+00  3.46389201e+00 -7.13312085e-01  1.90155961e-01
   3.08788496e+00  7.57701587e+00]
 [-7.88352043e+00  1.05380004e+00  8.64553370e-01  1.84580942e+00
  -6.26258917e-01  3.95746104e+00 -7.86464380e+00  4.26867110e+00
   2.75605317e+00  5.06457088e+00]
 [ 2.49343445e-01 -2.83652922e+00  5.68876953e-01  9.33745877e-01
  -1.20666775e+00  5.72483309e+00 -5.25991698e+00  2.70647515e+00
   1.21801890e+00  5.57885633e+00]
 [-3.22958349e-01  8.15825930e+00 -9.17048504e-01  1.32370608e+00
   6.28145785e-01  6.42905882e-01 -1.04356265e+01  3.08229245e+00
   2.76694718e+00  2.42012991e+00]
 [-2.27470184e+00  2.68010244e+00  4.13597855e+00  2.52677889e+00
  -3.35474011e+00  2.21900645e+00 -7.18503111e+00  4.32480445e+00
   3.66346357e+00  2.86606805e+00]
 [ 1.88860696e+00 -1.72712423e+00  1.53973436e+00  4.94924626e-01
  -3.63063346e+00  3.87163257e+00  4.75445235e-01  1.52389933e+00
   3.13991982e+00  4.56526340e+00]
 [-3.57315089e+00  2.84617916e+00 -4.00594174e+00  9.85084654e-02
   3.27697190e+00  5.39262658e+00 -1.04273832e+01  5.64996063e+00
  -3.82792297e-01  2.12114378e-01]
 [ 6.29504425e+00 -2.41111719e+00 -5.33557869e-01 -6.90849068e-01
  -3.27243083e+00  6.59576662e+00 -3.87763417e-01  1.00996251e+00
   3.25911601e+00  4.61279325e+00]
 [ 2.04274085e+00 -2.24917443e+00  1.00303254e+00  1.92121549e+00
  -2.24416798e+00  2.74632090e+00 -2.61584796e+00  8.12820478e-01
   7.63826925e-02  4.24861452e+00]
 [-2.16505172e+00 -1.17881727e+00  4.31461843e+00  4.09837392e+00
  -6.96564691e+00  6.66526858e+00 -3.56474867e+00  1.23343581e+00
   4.50180679e+00  7.54575775e+00]
 [ 4.25362855e+00 -3.27603274e+00 -6.00046706e-01  2.22060379e-01
  -1.39254620e+00  5.63888383e+00 -1.65634286e+00  2.87329871e+00
   1.67532897e+00  2.29746096e+00]
 [-6.71999129e+00  6.54985973e-01 -9.99785121e-01  4.79750953e-01
   1.42543810e+00  3.43692933e+00 -7.13543481e+00  5.53612208e+00
   3.55592332e+00  3.57499102e+00]
 [ 9.09839164e-01 -3.78183589e+00  3.14937693e+00  3.61018358e+00
  -2.66874416e+00  1.90768762e+00 -2.01343965e+00  4.17653408e-01
   6.05552098e-01  7.83861900e+00]
 [-6.32642995e+00  8.01053202e+00 -3.52675627e+00  1.02830209e+00
   4.70688785e+00 -1.21011817e+00 -1.02371102e+01  8.22312419e+00
   1.11690631e+00  3.96614603e+00]
 [-1.53612718e+00  1.00153892e+01  4.11681794e+00  2.89651637e+00
  -2.04550351e+00  2.25644947e+00 -1.00657580e+01  1.94595528e+00
   7.33239294e+00  3.68938476e+00]
 [-5.79073703e+00  1.36162381e+00  1.83760405e+00  3.66648494e+00
  -2.66368973e+00  6.60714518e-01 -2.98231877e+00  5.20629602e+00
   1.39701124e+00  7.11745705e+00]
 [-4.24124458e+00  3.70271553e+00 -2.75608146e+00  4.57215003e-01
   1.95340706e+00  6.98281128e-01 -6.32112238e+00  4.68254095e+00
   2.72029534e-01  4.69192567e+00]
 [-3.78630495e+00 -1.46063763e-01  7.52575836e-01  3.39576689e+00
  -1.46946328e+00  5.54595002e+00 -5.39800205e+00  3.75315968e+00
   5.08748583e+00  5.93891370e+00]
 [-7.35908356e-01  3.25635727e+00  1.04615263e+00  4.13555635e-01
  -1.73012002e+00  4.29397150e+00 -7.16537459e+00  8.48365415e-01
   2.97962188e+00  4.00352467e+00]
 [-1.75984731e+00  2.65504438e+00 -1.56488994e+00  1.15343624e+00
  -1.35211536e+00  3.51602525e+00 -3.08961248e+00  8.68369560e+00
   1.88626258e+00  1.13736724e+00]
 [ 1.35520069e+00 -6.71535779e-01 -1.90330286e+00 -3.99852573e-01
  -1.18263763e+00  8.16282804e+00 -6.02828912e+00  4.17826151e+00
   1.09358999e+00  2.87939231e-02]
 [-5.94574048e-01 -2.64696538e+00  2.77429244e+00  4.24906424e+00
  -3.42976982e+00  3.49034869e+00 -1.85449562e+00  1.23452104e+00
   3.50989278e+00  4.53294214e+00]
 [ 3.54299536e+00  1.58167639e-01 -3.87177358e+00 -1.46841878e+00
   1.75823792e+00  7.28937639e+00 -5.75236153e+00  2.81072554e+00
   1.40757399e+00  8.37996987e-01]
 [-1.05059430e+01  6.00748296e+00 -4.65380942e+00  2.49197823e+00
   7.23320012e+00  4.68072563e-01 -1.40460854e+01  8.52288124e+00
  -1.86618424e+00  6.29439149e+00]
 [ 3.97283121e+00 -3.32168765e+00  9.24560523e-01  1.08899385e+00
  -1.63869760e+00  3.42628700e+00 -1.46348452e+00 -1.01649084e+00
   4.79294033e-01  6.44405077e+00]
 [-2.17467465e+00  2.06446971e+00 -4.44539465e-01  7.94804361e-02
  -1.99704683e+00  2.53256110e+00 -1.94376267e+00  2.33206949e+00
   2.40186119e+00  2.13097964e+00]
 [-5.93509878e+00  1.73417405e+00  3.44861067e+00  3.05300417e+00
  -4.68218215e+00  4.38879511e+00 -7.08911304e+00  5.61356484e+00
  -1.48353151e-01  4.57429590e+00]
 [ 3.62806262e+00 -4.22964510e+00  2.09746754e+00  3.23893192e+00
  -3.03384276e+00  3.08060243e+00 -6.71240120e-01  2.23235435e+00
   2.37163969e+00  3.67470338e+00]
 [-6.05222765e+00  3.75105565e+00 -4.23932925e-01 -3.31359259e-01
  -2.43941455e+00  4.85788829e+00 -6.12521751e+00  3.87920480e+00
   2.66297582e+00  3.45403218e+00]
 [ 1.32742696e+00 -2.23883034e+00 -5.18990829e-01 -4.74065316e-01
  -1.01361292e+00  5.91796597e+00 -3.01423942e+00  2.47854771e+00
   2.21313868e+00  3.32287188e+00]
 [ 4.44041802e+00 -4.95540210e+00  1.14780572e+00  2.24911052e+00
  -1.01101007e+00  3.64161702e+00 -1.22386422e+00  7.94933078e-02
   1.54094598e+00  6.26877594e+00]
 [-6.65762819e+00  4.62279530e+00 -4.89077796e+00 -1.07521563e+00
   4.04387819e+00  1.20315439e+00 -4.61936114e+00  6.65054169e+00
   1.87777449e+00  4.20977865e+00]
 [ 7.05950924e-01 -1.40652589e+00 -4.72645617e-01  9.54600651e-01
  -1.52255340e+00  4.92702876e+00 -3.24388489e+00  8.24133834e+00
   2.00390950e+00 -2.32148187e+00]
 [ 3.83848833e+00 -4.88535649e+00  1.44648637e+00  2.30007356e+00
  -2.21353479e+00  3.74832495e+00 -1.73682279e+00  3.48582933e+00
   1.60735954e+00  3.82188224e+00]
 [-2.21045458e+00 -8.19002392e-01  1.04744466e+00  2.91711426e+00
  -2.82142013e+00  6.86479959e+00 -5.22108769e+00  5.11819982e+00
   4.69623675e+00  1.92224911e+00]
 [ 2.48569210e+00 -2.35734300e+00  1.66363755e-02  4.43283856e-02
  -2.99030385e+00  6.05168542e+00 -2.13453966e+00  3.10339988e+00
   2.06277855e+00  1.58283349e+00]
 [-2.23992836e+00 -1.09802717e+00  3.55483367e+00  1.63925667e+00
  -6.47625063e+00  6.68787326e+00 -3.82963087e+00  2.93952948e+00
   3.06467958e+00  5.60109259e+00]
 [-5.52245385e+00  3.46445287e+00 -3.13480383e+00 -8.67751423e-01
   1.13002510e+00  6.57884198e+00 -6.20603839e+00  6.42806592e+00
   7.20520331e+00 -1.29630545e+00]
 [ 2.62090383e+00 -3.57883303e+00  1.71514008e-01  1.33020503e+00
   2.09227804e-01  2.68465145e+00 -2.89473803e+00  1.13864099e+00
   3.93251664e-01  4.15408061e+00]
 [ 6.33245394e-01 -2.19466599e+00  2.89071246e+00  3.23753876e+00
  -5.81941206e+00  6.19211680e+00 -3.17662773e+00  3.17570325e+00
   3.03294295e+00  4.82864554e+00]
 [-9.11253157e+00  6.80893001e+00 -4.47871172e+00 -8.09502600e-02
   3.73541473e+00  4.22599858e+00 -1.28887053e+01  8.89981152e+00
   1.27510560e-01  2.75348128e+00]
 [-6.90762175e+00  2.48671522e+00  8.60410428e-01  1.23653769e+00
  -2.28799398e+00  4.05755866e+00 -7.04797568e+00  6.27217782e+00
   2.20416259e+00  5.26046325e+00]
 [-1.00027034e+00 -2.19299752e+00  1.79108675e+00  3.28109797e+00
  -3.22854990e+00  7.15356112e+00 -3.76277156e+00  6.51832658e+00
   4.84105167e+00  4.71433807e+00]
 [-3.63738869e+00  2.65040553e+00 -1.88136682e+00  5.16435627e-01
  -6.81932752e-01  2.06043688e+00 -3.59734369e+00  6.79616657e+00
   5.58054711e-01  1.69479453e+00]
 [ 6.38767942e-01 -3.81458651e+00  3.42897163e+00  5.20074239e+00
  -3.79233723e+00  2.38267038e+00 -3.06798017e+00  3.20519490e+00
   6.41887883e-01  4.00153771e+00]
 [-6.78454205e+00  7.20291274e+00 -5.40053209e+00 -1.83293218e+00
   1.09079105e+00  5.29138126e+00 -5.95381639e+00  8.69513065e+00
   4.02800061e+00  1.09593404e+00]
 [-5.31698821e+00  2.63720228e+00 -3.39622681e+00  1.94517172e+00
   4.82661666e+00  2.09175578e+00 -1.12035858e+01  8.19154541e+00
  -1.40283444e+00  5.35002398e+00]
 [-3.80920336e+00 -4.42622828e-01  7.77629491e-01  1.76052358e-01
  -3.15544666e+00  6.08584446e+00 -5.70329024e+00  5.19530383e+00
   3.79081652e+00  2.41124258e+00]
 [-8.63964279e+00  5.86074799e+00 -5.43201861e+00 -1.66953008e-01
   3.99069761e+00  7.09086892e+00 -1.37071585e+01  7.75934160e+00
  -2.53804236e-01 -2.91613635e-01]
 [-4.95383750e+00  2.34266862e-01  2.82592455e+00  5.42830693e+00
  -4.71189252e+00  7.23324253e+00 -7.10885410e+00  6.40046721e+00
   5.25236410e+00  3.73637325e+00]
 [-7.35101210e+00  1.89164069e+00 -3.64496176e+00  1.84019108e+00
   6.98494500e+00 -4.98658040e-02 -7.76736695e+00  4.73253575e+00
   5.45659058e-01  7.63618533e+00]
 [-1.36994974e+00  2.17005753e-03 -1.18825452e+00 -5.57037923e-01
  -4.11771159e-01  5.20696194e+00 -4.92649505e+00  3.66204061e+00
   2.07770244e+00  3.23461198e+00]
 [-2.99828336e+00  3.91768683e+00  3.40967477e-02  6.67236920e-01
  -7.82953104e-01  2.32044887e+00 -6.42839747e+00  2.35742834e+00
   2.11152116e+00  4.43255047e+00]
 [-8.40974767e+00  4.79363012e+00  2.57738333e-02 -2.07768535e-01
  -3.77870863e+00  4.87049935e+00 -5.18341107e+00  6.77759702e+00
   3.34524864e+00  3.66342587e+00]
 [-2.56699610e+00 -5.24897639e-02  1.39044277e+00  1.61346245e+00
  -4.55076146e+00  7.69195427e+00 -5.51498871e+00  7.29826355e+00
   2.29770999e+00  3.00337827e+00]
 [ 3.52739705e+00 -1.82529148e+00  2.08135837e+00  8.03192701e-01
  -5.02645403e+00  5.17056382e+00 -3.31637657e-01 -1.14345915e+00
   2.55305093e+00  8.26948550e+00]
 [-1.11780432e+00 -3.72872215e-01  2.08893826e+00  5.95299533e-01
  -6.19920728e+00  5.92032713e+00 -1.60926324e+00  3.44727227e+00
   2.59436754e+00  1.67481067e+00]
 [ 1.09077358e-01 -2.14803274e+00  8.37202280e-01  3.81889179e+00
  -2.37784024e+00  4.43549964e+00 -1.66492887e+00  3.66708177e+00
   5.22872359e+00  1.02541246e-01]
 [-5.02684440e+00  1.08382775e+00  3.39138309e+00  4.10771434e+00
  -5.46898048e+00  4.35888396e+00 -5.67839997e+00  5.05230500e+00
   2.05614229e+00  6.63501086e+00]
 [-4.59313118e+00  4.93519230e+00 -1.43378709e+00 -2.29017855e+00
  -3.52881130e+00  7.13633681e+00 -4.31585689e+00  5.17469037e+00
   4.69795984e+00 -8.05492405e-01]
 [-8.77172270e-02  8.91847944e-02 -1.09395130e+00 -9.11510111e-01
   5.73193200e-01  5.73203539e+00 -5.09868179e+00 -3.24279204e-01
   1.73563142e+00  6.64094649e+00]
 [-1.02903668e+01  3.50239883e+00 -3.98475099e-01  1.19461885e+00
  -9.03777629e-01  4.41772399e+00 -7.00629618e+00  7.82088686e+00
   4.58525462e+00  4.68581075e+00]
 [-2.20410304e-01 -1.93921384e+00  8.88957858e-01  8.75132415e-01
  -2.14071348e+00  5.01623275e+00 -4.19609914e+00  2.67105931e+00
   1.92438419e+00  3.95691344e+00]
 [-4.53763593e+00 -4.45978331e-01  9.63632777e-01  3.89271081e+00
  -4.01375750e-01  5.01774132e-01 -3.62006891e+00  4.90287433e+00
   9.94824465e-01  6.44277798e+00]
 [-2.39763851e+00 -1.96365453e+00  3.29228085e+00  3.96508245e+00
  -4.36048328e+00  6.44570194e+00 -4.69751132e+00  6.76252351e+00
   4.72838747e+00  7.19047360e+00]
 [ 2.15484233e+00 -2.26540245e+00 -1.66560959e-01 -3.64557121e-03
  -2.41082906e+00  6.06277342e+00 -2.91109861e+00  3.04235903e+00
   2.15464305e+00  2.14134591e+00]
 [-3.13018423e+00 -1.37357288e+00  2.35877742e+00  2.50731998e+00
  -2.36732790e+00  3.90115052e+00 -5.81917481e+00  2.84079209e+00
   2.00749484e+00  8.33445674e+00]
 [-4.37294097e+00  3.57055489e+00 -1.27608252e+00 -1.01159649e+00
  -1.72139660e+00  7.95317378e+00 -5.69967840e+00  4.61057569e+00
   7.05504190e+00 -1.24467692e+00]
 [-1.79552048e+00  1.86227582e+00 -3.20285576e+00 -6.80280288e-01
   1.14846039e+00  6.97506164e+00 -7.57198281e+00  4.78834087e+00
   1.81078060e+00 -1.23766074e+00]
 [ 4.03949644e+00 -4.11401023e+00  7.32186900e-01  3.56759444e+00
  -2.15994651e+00  4.45157874e+00 -1.78185580e+00  3.10448792e+00
   3.52420840e+00  3.40412628e-02]
 [-2.62916604e+00 -1.66127365e+00  9.83771336e-01  2.06190301e+00
  -1.46399987e+00  4.25859498e+00 -5.20360350e+00  6.87556758e+00
   2.32084650e+00  4.56581515e+00]
 [ 6.43333326e-01 -1.52032409e+00  9.82553877e-01  2.29462399e-01
  -4.40939387e+00  6.33424206e+00 -2.48232791e+00  2.45865994e+00
   1.95149984e+00  2.37310572e+00]
 [-8.39886078e+00  6.33182039e+00  2.07678896e+00  2.71063490e+00
  -6.68502780e+00  8.72563798e+00 -1.18664128e+01  6.87163862e+00
  -1.94929575e+00  3.15620948e+00]
 [-1.32964813e+00 -1.36861329e-01 -1.82438048e-01  1.92648872e+00
  -1.17967334e+00  1.29065942e+00 -2.71043017e+00  5.17003558e+00
   6.24924804e-01  3.42686080e+00]
 [-2.28791654e+00 -1.45208212e+00  3.48889838e+00  3.82416307e+00
  -5.67506429e+00  5.86943101e+00 -3.09006053e+00  5.61956479e+00
   3.67768220e+00  4.33213494e+00]
 [ 2.45713076e+00 -1.97857754e+00  2.98462653e-01  5.91156154e-01
  -2.03537177e+00  5.01366364e+00 -2.52714392e+00  5.34594447e-01
   6.02951334e-01  4.19712880e+00]
 [-2.14869012e+00 -1.38471648e+00  2.40023429e+00  1.23592409e+00
  -3.41984381e+00  3.97953689e+00 -2.60907142e+00  2.20858291e+00
   2.47490061e+00  5.07055658e+00]
 [ 2.83963944e+00 -1.56840557e+00 -8.02178148e-01 -5.68211792e-01
  -1.51795426e+00  5.12612714e+00 -1.93843724e+00  2.43278821e+00
   2.57824676e+00  1.99171323e+00]
 [ 9.56124758e-01 -3.24999648e+00  4.09073757e+00  4.04507482e+00
  -4.39395888e+00  1.31434785e+00 -1.41490815e+00  2.09817183e+00
  -8.69610687e-01  7.40687864e+00]
 [-6.06286681e+00  5.52718234e+00 -3.72304558e+00  1.79580396e+00
   7.53751251e+00 -3.63767311e-01 -1.40095473e+01  5.50980865e+00
   5.59325542e-01  5.70452094e+00]
 [-8.47539563e-01 -1.72377543e+00 -2.04070046e+00 -1.36682080e+00
   1.33283830e+00  5.00141368e+00 -1.53419328e+00  8.95941176e-01
   2.86376092e+00  4.68674398e+00]
 [-7.18024925e+00  2.12480197e+00  4.13789863e-01  1.13932328e+00
  -2.09489592e+00  4.14281764e+00 -5.18288071e+00  6.29583117e+00
   4.16884349e+00  5.76390117e+00]
 [-4.05354995e+00 -8.42770375e-01  3.46335370e+00  3.03689259e+00
  -3.45976467e+00  3.72826498e+00 -5.94160269e+00  2.99454396e+00
   8.45246633e-01  9.64120744e+00]
 [ 1.68615328e+00 -3.06982818e+00  1.26905508e+00  2.10707897e+00
  -3.71353225e+00  5.51105559e+00 -1.65345407e+00  3.01612209e+00
   2.71019761e+00  8.35187514e-01]
 [ 1.26171598e+00 -1.29851079e+00  8.80244292e-01  2.01268585e-01
  -3.07060099e+00  3.70292561e+00 -3.96164581e-02  1.03915706e+00
   1.63493525e+00  3.17193576e+00]
 [-1.66358948e+00  3.11235236e+00 -2.07564227e-01 -9.81655131e-01
  -5.50776031e+00  7.96445163e+00 -3.27505307e+00  5.00926372e+00
   4.63247928e+00  9.29342518e-01]
 [ 9.60310111e-01 -3.64698655e+00  9.11911822e-01  2.53928455e+00
  -2.09315460e-01  2.84786165e+00 -2.38499278e+00  1.21125214e+00
   1.49139002e+00  5.44282383e+00]
 [-3.40778660e+00  2.12678726e+00 -2.97918118e+00  6.33034251e-01
   2.66586503e+00 -1.92490765e-01 -3.08616459e+00  5.53322125e+00
   6.26624968e-01  4.39068546e+00]
 [-3.74123109e+00 -2.17610044e+00  4.05275619e+00  5.33315994e+00
  -2.32603453e+00  1.29823848e-01 -2.88024869e+00  2.18438618e+00
   1.57984315e+00  1.08660000e+01]
 [-5.04413395e+00  1.39939468e+00  4.07247670e+00  3.47181695e+00
  -7.23629406e+00  6.41198276e+00 -5.58153268e+00  5.54430058e+00
   3.70690109e+00  6.10387921e+00]
 [ 3.47379302e+00 -4.43159217e+00  1.38030276e+00  2.08857539e+00
  -2.96484926e+00  3.63280664e+00 -9.13684506e-01  3.51896468e+00
   5.79984222e-01  1.11800941e+00]
 [ 1.34001642e+00 -3.61326780e+00  2.35631716e+00  5.28810679e+00
  -3.74336978e+00  4.07257847e+00 -2.29616277e+00  4.87372251e+00
   2.78680081e+00  9.30258989e-01]
 [ 4.73934318e-01 -2.17402511e+00  2.38905810e+00  2.61293833e+00
  -5.98057026e+00  5.44580701e+00 -3.21939574e+00  5.14444896e+00
   3.72486017e-02  7.67809151e-01]
 [-2.32708474e+00 -1.27125624e-01  1.32648757e+00  2.01552340e+00
  -3.75022288e+00  6.58947551e+00 -3.63104459e+00  2.06517720e+00
   4.85242280e+00  2.27160643e+00]
 [-2.07486625e+00 -5.29222845e-01  1.40455852e+00  1.09086005e+00
  -3.39700485e+00  6.08255191e+00 -4.04858673e+00  4.40405052e+00
   3.11823486e+00  4.04697831e+00]
 [-6.12902704e+00  5.77889168e+00 -1.62492971e+00 -2.21267714e+00
  -3.02409033e+00  7.50850233e+00 -6.13584973e+00  6.98169117e+00
   4.63355325e+00  7.56531853e-01]
 [-8.44534722e-01 -2.60153290e+00 -1.58451455e+00  7.27868806e-01
   3.27461640e+00  3.05618101e+00 -6.14803687e+00  3.83518498e+00
   1.00106732e+00  5.16738662e+00]
 [-1.43616769e+00 -2.12425825e+00  1.17912362e+00  4.50541740e+00
  -2.53077591e+00  4.31547113e+00 -3.43741961e+00  3.59354786e+00
   3.62397621e+00  1.74046063e+00]
 [ 8.49973374e-01 -1.01643158e+00 -8.69129864e-01 -8.61344924e-01
  -9.90694848e-02  3.98164624e+00 -2.42979395e+00  4.61107315e-01
   1.71462976e+00  3.58630551e+00]
 [-3.85604582e-02 -1.09157528e+00  1.28186790e+00  1.19652627e+00
  -4.42347151e+00  6.50878438e+00 -2.14191445e+00  2.55617352e+00
   4.13291104e+00  2.56677020e+00]
 [ 4.51750621e+00 -2.22155281e+00 -7.35815281e-01  4.23363456e+00
   1.41118806e+00  6.42771841e+00 -7.93155175e+00  5.12748299e+00
   7.11609334e+00  7.32060146e-01]
 [-5.15206814e+00  4.25538382e+00 -1.46714836e+00 -1.74978186e+00
  -1.86641589e+00  7.56628947e+00 -7.11335589e+00  3.58205768e+00
   4.07184444e+00  1.42175318e+00]
 [ 3.13934519e+00 -3.96893883e+00  1.44208013e+00  2.30419404e+00
  -1.84834585e+00  7.70780788e-01  1.86425380e+00  1.41393925e+00
   3.15294664e-01  4.25602431e+00]
 [-3.56401443e+00 -9.91885092e-01  3.42933117e+00  4.68287405e+00
  -3.83344740e+00  3.49520251e+00 -6.23941087e+00  6.83113773e+00
   1.03953579e+00  7.36115250e+00]
 [-3.16531009e-01 -1.94772259e+00  2.78072437e+00  3.56242921e+00
  -4.10542689e+00  3.22117504e+00 -3.54973670e+00  5.57690198e+00
   2.39998225e-01  3.00417983e+00]
 [-7.79314149e+00  5.16202722e+00  2.42283822e-01 -1.73796932e-01
  -4.29997279e+00  7.18875593e+00 -6.37987893e+00  7.28808755e+00
   4.36250653e+00  2.59809022e+00]
 [-6.14267409e-01  4.82494111e+00  2.27451681e+00  7.84322988e-01
  -5.44466562e+00  4.95242394e+00 -4.88335407e+00  3.54130797e+00
   5.58454223e+00  1.22125762e+00]
 [-6.60556513e-01 -1.75531996e+00  2.38417704e+00  2.63722322e+00
  -3.90383562e+00  3.92252423e+00 -2.93179750e+00  3.04229895e+00
   2.45337796e+00  3.03901463e+00]
 [ 2.66775719e+00 -3.50587543e+00  2.52226309e+00  1.47079695e+00
  -5.03325925e+00  4.86602379e+00  1.94313544e-01  7.09832304e-01
   1.29411524e+00  5.31737581e+00]
 [ 2.16444592e+00 -2.84855427e+00  3.03645923e+00  3.55821354e+00
  -4.84918363e+00  4.50953413e+00 -2.94023040e+00  2.82114380e+00
   1.87942834e+00  6.56928001e+00]
 [-6.35511814e+00  1.56390939e+00 -2.79146567e-02  5.21597370e-01
  -4.18532295e-01  5.78133478e+00 -8.94456963e+00  4.15157381e+00
   2.69668051e+00  3.18085192e+00]
 [-2.64829718e+00  6.96705218e+00 -2.14581759e+00 -3.04758866e+00
  -2.94387767e+00  8.27425225e+00 -7.58588817e+00  5.01906955e+00
   6.08973564e+00 -2.66593475e+00]
 [-3.68753443e+00 -1.44015838e+00  2.68196611e+00  1.50888683e+00
  -2.82644617e+00  4.55558111e+00 -5.52397528e+00 -1.92187324e-01
   4.18557626e-01  7.47192115e+00]
 [ 1.47090006e+00 -1.39150798e+00  5.96574448e-01  1.76423851e+00
  -2.52754515e+00  1.89295133e+00 -1.49783491e-01  2.85747489e+00
   1.63000732e+00  6.26936093e+00]
 [ 3.11164607e+00 -2.98080387e+00  3.41603725e+00  3.24613751e+00
  -4.79721518e+00  2.50629295e+00 -1.50919987e-01  1.44015466e+00
  -2.25607623e-01  7.11718364e+00]
 [-1.85006717e+00 -1.05400528e+00 -2.05549102e+00 -7.25044170e-01
   1.87754691e+00  3.34202043e+00 -5.25773335e+00  5.20031877e+00
   2.15923749e+00  5.69810239e+00]
 [-2.51099258e+00  2.62969467e-01 -6.92686876e-01 -1.85871221e-02
  -1.78275484e-02  6.01109367e+00 -7.59417066e+00  1.62499823e+00
   1.29502749e+00  4.51114707e+00]
 [ 6.72483562e-01 -1.88223688e+00  1.16744240e+00  7.83295590e-01
  -3.40254419e+00  5.72235413e+00 -3.13686485e+00  8.50704375e-01
   6.23505610e-01  4.28584574e+00]
 [ 9.64080691e-01 -3.37985223e+00  1.31830152e+00  2.70868906e+00
  -1.11826883e+00  2.72020350e+00 -1.45253487e+00  7.99676531e-01
   1.58719723e+00  6.17474924e+00]
 [-7.31031047e+00  4.02733466e+00 -5.65650472e+00  1.65653402e+00
   6.69202890e+00  2.57209043e+00 -1.24871886e+01  9.43928071e+00
  -3.04089504e-01  3.49454250e+00]
 [ 4.35437547e-01 -2.58948920e+00 -1.72959187e+00 -8.57926361e-01
   2.53449270e+00  4.74264606e+00 -4.24191135e+00  2.14994285e+00
   2.92685814e+00  5.53387546e+00]
 [ 2.60935613e+00 -1.71396662e+00 -2.47712900e+00 -1.28021947e-01
   2.03534571e+00  6.01322398e+00 -5.33423084e+00  2.54845675e+00
   1.67161624e+00  3.69316657e+00]
 [-6.23461323e+00  7.21887828e-01  3.40601668e+00  3.77856794e+00
  -5.77907962e+00  8.35972972e+00 -8.43799927e+00  5.40375810e+00
   4.24256486e+00  6.90762313e+00]
 [-1.99905233e-01  1.66061447e+00 -1.15967257e+00 -6.70304935e-01
  -2.91347500e+00  8.22758189e+00 -5.91965307e+00  2.09505371e+00
   1.10087210e+00  1.40259185e+00]
 [-5.21387599e+00  4.25256706e+00  2.45427563e+00  3.09747722e+00
  -7.67508852e-01  1.95792138e+00 -1.20245474e+01  4.53257627e+00
   2.50447665e+00  4.41663592e+00]
 [-1.03330947e+01  3.79880138e+00 -2.53527411e-01  1.46347850e+00
  -6.36118830e-01  3.82405153e+00 -8.48141233e+00  7.39023825e+00
   2.59543651e+00  6.14049398e+00]
 [ 4.25358821e-01 -2.92622014e+00  1.43960910e+00  3.06682592e+00
  -4.14226841e-01  1.95254908e+00 -3.27674017e+00  1.83853428e+00
   6.00828630e-01  8.66628647e+00]
 [-2.32589453e-02  1.46578269e+00 -2.15994986e+00 -8.89940071e-01
  -1.28591619e+00  8.79894938e+00 -7.62772069e+00  2.29642780e+00
   6.71211530e-01  1.47282064e+00]
 [ 5.30663610e+00 -4.86434844e+00  1.72043819e+00  1.78272362e+00
  -2.35147138e+00  3.32887030e+00  2.67287567e-01 -1.53926258e-01
   1.11088820e+00  7.18182932e+00]
 [-3.00023620e+00 -1.02826340e+00  3.23713151e+00  3.53585580e+00
  -4.88918986e+00  5.71150186e+00 -4.90684794e+00  4.30817302e+00
   3.69876858e+00  5.43119505e+00]
 [ 3.24364616e+00 -2.70981787e+00 -7.14893495e-01 -3.10226600e-01
   6.63614239e-01  3.64271647e+00 -1.61381967e+00 -4.81839941e-02
   1.49945681e+00  5.31195892e+00]
 [-3.08106257e+00  2.07446254e+00  2.40118334e-01  3.67479832e-01
  -2.56660091e+00  3.31008938e+00 -3.25279646e+00  3.96513971e+00
   1.77970212e+00  1.96762881e+00]
 [ 1.12918129e+00 -2.82911445e+00  2.84476990e+00  2.48471485e+00
  -5.03102142e+00  5.10740653e+00  1.35615949e-01  8.96862357e-01
   3.82153002e+00  4.89094288e+00]
 [-1.02158680e+00 -1.61629266e+00  3.93750572e+00  5.40529391e+00
  -5.93699360e+00  6.92721123e+00 -3.68710513e+00  9.55434535e-01
   5.03841475e+00  7.86103425e+00]
 [ 3.46418610e+00 -1.35748128e+00 -4.11109506e+00 -1.02295589e+00
   1.90813415e+00  8.53777798e+00 -6.14255589e+00  4.09467708e+00
   2.00528162e+00  1.06271371e+00]
 [ 2.29277832e+00 -1.00681898e+00 -8.02332469e-01 -6.31048962e-01
  -2.46947728e+00  6.39140430e+00 -2.21273549e+00  3.69860919e+00
   3.90377328e+00  9.90728646e-01]
 [ 4.70878480e+00 -2.11725501e+00 -1.89771081e+00 -4.15898992e-01
   2.14241800e-01  4.24565751e+00 -1.47563335e+00  2.98146383e+00
   1.57953976e+00 -8.26862002e-02]
 [ 5.47887977e+00 -3.50307513e+00  3.54254828e+00  2.26778989e+00
  -6.71247630e+00  3.66560207e+00  2.80941939e+00 -4.49946452e-01
   2.56117590e+00  8.46415767e+00]
 [-1.12588956e-01 -2.29623991e+00  2.88867371e+00  3.71821916e+00
  -3.96908587e+00  4.94148603e+00 -2.83936492e+00  6.37532037e-01
   2.25819275e+00  6.34476239e+00]
 [-9.62954922e-01 -2.47912963e+00  4.42662372e+00  5.70873365e+00
  -5.76533228e+00  4.83872251e+00 -4.58154336e+00  4.99961382e+00
   2.93615477e+00  6.51763687e+00]
 [-1.82459184e+00 -1.54542566e+00  3.47296235e+00  2.99061161e+00
  -4.35513702e+00  3.70680263e+00 -4.00386751e+00  3.89799200e+00
   1.84514504e+00  6.87302468e+00]
 [-2.71279569e+00  2.61691772e+00 -4.10698083e+00 -1.08512259e+00
   2.73214686e+00  5.67644476e+00 -8.26615830e+00  7.63999435e+00
   2.01387414e+00  9.08733995e-01]
 [ 3.71893874e+00 -4.04938686e+00  2.31278201e+00  2.67496094e+00
  -5.82849205e+00  5.71548949e+00 -9.60712794e-01  2.54647540e+00
   1.53550909e+00  2.08679639e+00]
 [ 1.95212664e+00 -3.24805027e+00  2.07655480e+00  2.10594086e+00
  -3.66476091e+00  4.92940423e+00 -3.19327541e+00  1.58380644e+00
   1.12571793e+00  6.13900959e+00]
 [ 3.18772468e+00  8.27062961e+00 -5.79086973e-01 -8.14263819e-01
  -7.77294898e-01  2.18761867e+00 -6.88170511e+00  1.69250558e+00
   7.38093994e+00  3.41903126e+00]
 [-6.37680224e+00  1.89493386e+00 -9.42302061e-01  4.58385397e-01
   6.19955816e-01  2.69128605e+00 -5.77442206e+00  5.36666234e+00
   2.76322219e+00  4.59657123e+00]
 [-3.24177004e+00 -1.21223501e+00  2.04001932e-02  5.34455495e+00
   8.89180690e-01  4.90429560e+00 -7.74855674e+00  9.21610648e+00
   5.48203528e+00  1.16190959e+00]
 [-9.12195906e+00  8.82037090e+00 -7.66047160e+00 -6.23217035e-02
   6.72725005e+00  6.06248267e+00 -1.66564273e+01  1.24366756e+01
  -1.13575488e+00 -8.64112143e-01]
 [-1.17321549e+00 -7.56721416e-01  2.80933430e+00  1.87229179e+00
  -5.68948998e+00  5.59490292e+00 -2.65549007e+00  5.19665404e+00
   2.25739782e+00  5.24354290e+00]
 [-2.18102167e+00  9.52215260e+00 -1.42371013e+00  2.66200053e+00
   2.35356506e+00  6.98068776e-01 -1.45998246e+01  6.54160010e+00
   1.76500721e+00  3.40815093e+00]
 [-2.79673023e+00 -1.57478006e-01 -2.15050868e+00  7.91912606e-01
   3.90080300e+00  5.45371157e+00 -8.96802641e+00  3.04057698e+00
   1.66781014e+00  5.53452457e+00]
 [-5.10584136e+00  3.35080213e+00 -2.82482117e+00 -1.34994781e+00
   1.48883873e+00  4.47407764e+00 -6.23834517e+00  6.14054310e+00
   2.96082420e+00  2.67795960e+00]
 [-2.31687886e+00 -1.44634830e+00  1.48053543e+00  1.00944257e+00
  -2.09953062e+00  4.61410934e+00 -4.76827018e+00  2.74743161e+00
   2.30765274e+00  4.82428000e+00]
 [-3.27800658e+00 -2.04895429e-01  1.39108775e+00  5.01848342e-01
  -3.86108307e+00  5.68758234e+00 -5.92652350e+00  3.36538462e+00
   3.07151392e+00  4.06546234e+00]
 [ 2.23920725e+00 -3.20934683e+00  2.51348926e+00  1.13502531e+00
  -4.77682744e+00  6.06554563e+00  1.63492587e+00  5.90900960e-01
   5.00072724e+00  7.81334056e+00]
 [-2.93304755e+00  4.78183895e+00 -2.99085067e+00  8.16230728e-01
   3.01470338e+00  4.41013622e+00 -1.23827811e+01  5.52935786e+00
   1.31015074e+00  1.94496583e+00]
 [-3.05282097e+00 -1.85542659e+00  3.95043922e+00  2.02939816e+00
  -5.48573773e+00  6.52815717e+00 -3.59383926e+00  1.38700417e+00
   4.01896807e+00  9.92704954e+00]
 [ 2.45096519e+00 -3.54432005e-01 -4.54673941e-01 -1.76237536e+00
  -1.94050704e+00  5.72914750e+00 -6.42104485e-01 -3.92709714e-01
   4.23257145e+00  6.88784689e+00]
 [-5.44553524e+00  3.88186462e+00  1.40924036e+00  2.21074114e+00
  -5.67230594e+00  9.68456035e+00 -8.96647641e+00  1.07549053e+01
   4.72340492e+00  9.46185010e-01]
 [-6.12653275e+00 -1.86411422e-01  1.30203068e+00  5.74275603e+00
  -7.95669072e-02  1.78742705e+00 -5.99341018e+00  5.35717055e+00
   1.86730714e+00  5.33707238e+00]
 [ 2.63799021e-01  5.12341965e+00  1.86254081e+00  3.57628709e+00
  -4.10361916e+00  5.49843506e+00 -1.14120793e+01  8.01417229e+00
   1.86238821e+00  3.09754586e+00]
 [ 3.41888314e-01 -1.37904782e+00  2.02427825e+00  2.25002070e+00
  -2.78129018e+00  9.84768020e-01  5.40233440e-02  1.75796324e+00
   2.28042849e+00  8.18519678e+00]
 [-4.68595892e-01 -6.73899019e-01  3.68858958e+00  2.98554421e+00
  -7.17022851e+00  4.15700346e+00 -1.81002544e+00  4.47326636e+00
   1.10959264e+00  3.31213609e+00]
 [ 1.07991478e+00 -1.81128323e+00 -1.43475071e-01  4.24476397e-01
  -1.91614628e+00  6.25572540e+00 -4.33931977e+00  2.54334876e+00
   9.64853646e-01  2.57573140e+00]
 [ 5.67051473e-01 -3.19074903e+00  1.95895622e-01  1.67982519e+00
  -9.31744784e-02  3.13095434e+00 -2.79568897e+00  2.16789927e+00
   1.13592417e+00  6.07649442e+00]
 [-5.32677712e+00  1.26529248e+00  3.39470830e+00  3.93487488e+00
  -4.54025487e+00 -2.30444099e-01 -1.67431682e+00  4.01247366e+00
   5.94997068e-01  9.80023158e+00]
 [-3.04627415e+00  3.24103826e-01  1.07303890e+00  3.60513526e+00
  -8.97023013e-01  4.55921380e+00 -8.19730299e+00  4.14652508e+00
   2.10108039e+00  7.22580524e+00]
 [ 1.27800378e+00 -2.25103008e+00  1.47334345e+00  7.10660865e-01
  -3.61882964e+00  5.35629854e+00 -1.98208233e+00  2.95410279e-01
   1.05173487e+00  5.27722506e+00]
 [-2.03162734e+00  8.19714098e-01  3.35000713e+00  2.54646964e+00
  -8.57248392e+00  7.04516764e+00 -3.61979197e+00  4.96466333e+00
   2.32202777e+00  2.88997155e+00]
 [-4.98235630e+00  2.68097880e+00 -2.04380023e+00  1.62277804e+00
   8.00123379e-01  1.95651309e+00 -4.48493117e+00  7.22579422e+00
  -1.10813428e-02  2.90602048e+00]
 [ 4.34837005e+00 -3.48255828e+00 -2.84230592e-01  7.97011268e-01
   1.97707829e-01  3.31514745e+00 -1.08670273e+00  1.01400791e+00
   1.42624784e+00  4.84954509e+00]
 [-8.59633120e+00  5.53319890e+00 -4.77121932e+00  6.51231711e-01
   5.68046636e+00  2.55140281e+00 -1.13065684e+01  7.22496618e+00
  -8.33134238e-01  6.06271238e+00]
 [-1.70572533e+00  5.03948011e-01  3.13315998e+00  8.47103889e-01
  -5.55617768e+00  3.67590536e+00 -1.12236404e+00 -1.14983649e+00
   2.24122057e+00  6.90722689e+00]
 [-4.43544439e+00  2.77657925e+00 -7.84157930e+00  2.26639324e-01
   1.02894026e+01  3.91781054e+00 -1.23149365e+01  9.01520804e+00
   1.53059537e+00  2.39298917e+00]
 [ 3.04870681e+00 -3.66188552e+00  1.98568404e+00  1.90978081e+00
  -2.55097003e+00  3.59249730e+00 -4.34249701e-01 -4.60628386e-01
   2.08149648e+00  7.18748000e+00]
 [ 2.52952606e+00 -2.98375399e+00 -4.51768700e-01  1.81930320e-01
  -1.35259398e+00  6.02009311e+00 -3.20901888e+00  2.71061950e+00
   1.25386687e+00  2.49516974e+00]
 [-3.69643099e+00  1.25894527e-01  3.87362286e+00  2.76144508e+00
  -6.50293253e+00  5.47809035e+00 -5.07110787e+00  3.47653240e+00
   2.04846507e+00  7.35889078e+00]
 [-4.08822668e+00  1.92968962e+00 -1.42772055e+00 -2.62908235e-01
  -8.38382776e-01  6.69497930e+00 -7.35581260e+00  5.54875751e+00
   4.37962072e+00  2.53188345e+00]
 [-3.44341964e+00  1.08100502e+01 -6.44385286e-01  2.20598784e+00
   1.15536109e+00 -9.56074877e-01 -1.22871460e+01  6.61651052e+00
   3.18993655e+00  1.86657925e+00]
 [-4.25792401e+00  1.15725261e+00  2.52332623e+00  2.43130352e+00
  -4.86495695e+00  5.29709746e+00 -6.05609562e+00  7.91534775e+00
   1.03382680e+00  4.03926949e+00]
 [-7.40937290e-01 -2.90646983e+00  2.38034362e+00  1.98156487e+00
  -3.61746211e+00  6.49536937e+00 -2.81590585e+00  3.36317085e+00
   4.89816269e+00  7.12117086e+00]
 [-9.15931294e-01 -1.83752788e+00  1.22655009e+00  6.62403342e+00
  -3.02637433e+00  5.51495647e+00 -2.84763761e+00  8.19854032e+00
   4.86735582e+00  1.13649558e-01]
 [ 3.32142652e-01  9.34839776e+00 -6.59596270e+00  1.27280421e+00
   6.36876796e+00  2.05979920e+00 -1.72772862e+01  4.95115698e+00
   4.21574786e+00 -1.59022436e+00]
 [ 4.21152793e+00 -3.54893899e+00  1.87667061e+00  2.02097058e+00
  -3.47495257e+00  4.98411222e+00 -1.98496006e-01 -1.45699849e+00
   3.08025547e+00  7.76257325e+00]
 [-1.54904316e-01  5.52281145e+00 -1.60589579e+00  4.58194768e-01
   1.34047961e+00  4.94717704e+00 -1.14174902e+01  2.63666031e+00
   2.80961414e+00  1.77231920e+00]
 [-4.61023832e-01  6.92632707e-01 -2.84917869e+00 -1.34910230e+00
   3.02087738e+00  5.07220706e+00 -5.39683697e+00  3.83890308e+00
   3.62459575e+00  3.45324765e+00]
 [ 3.39234833e+00 -4.94108462e+00  8.38753651e-01  1.38605054e+00
  -2.50301085e+00  5.66550996e+00 -2.16675518e+00  3.39314214e+00
   1.04637734e+00  2.92738387e+00]
 [ 1.68991036e+00 -4.10524387e+00  1.76860845e+00  5.37881031e+00
  -1.79443774e+00  4.20281224e+00 -4.08198173e+00  4.09443833e+00
   3.63592501e+00  1.85172601e+00]
 [-9.30009614e-01  4.38308119e-01  2.39679316e+00  3.33059613e+00
  -2.40864949e+00  5.36316080e+00 -9.65011566e+00  7.69505509e+00
   3.28594040e+00  4.85723491e+00]
 [-1.12192730e+00  1.52015734e+00 -1.38673581e+00  2.55541505e+00
  -1.13800506e+00  4.95648532e+00 -4.17406687e+00  5.09828445e+00
   1.35530529e+00  2.65970856e+00]
 [ 5.77240169e+00 -5.48519508e+00  3.21310195e+00  3.00887328e+00
  -4.08049713e+00  3.06162587e+00  1.04801997e+00  3.75693261e-02
   1.03418170e+00  8.82478839e+00]
 [-1.03902627e+00  4.14844197e-02  1.70362548e+00  7.87381480e-01
  -5.57079718e+00  6.20829796e+00 -3.50204068e+00  4.12565533e+00
   2.87727067e+00  2.72204331e+00]
 [ 1.81549978e+00 -1.09607185e+00  9.57984393e-01 -2.12167186e-01
  -2.89552113e+00  3.92789349e+00 -5.17205511e-02 -9.46876913e-01
   1.84754700e+00  5.43393173e+00]
 [-5.80734307e+00  1.46527182e+00 -4.55324376e+00  1.72166043e-01
   5.57791955e+00  4.00859768e+00 -8.04193693e+00  6.14898204e+00
   2.86271699e+00  5.07773391e+00]
 [-5.17665175e-02 -7.57148319e-02 -3.12521262e+00  3.44937130e-01
   3.02907730e+00  6.97609349e+00 -1.08032847e+01  5.19363001e+00
   8.62136681e-01  7.74582859e-01]
 [ 9.66764726e-01 -2.96723351e+00  2.20286275e+00  1.45334332e+00
  -5.07617203e+00  6.10376955e+00 -2.44708647e+00  1.60878517e+00
   7.53419128e-01  4.16238659e+00]
 [-2.30392984e+00 -6.79008062e-01  2.81612179e+00  2.80515043e+00
  -3.21775706e+00  3.39527975e+00 -4.20721614e+00  9.97366045e-01
  -5.71505598e-01  7.37109128e+00]
 [-2.55455235e+00  2.79427962e+00 -5.98324333e-01  9.31494518e-01
  -3.10881736e+00  6.09790293e+00 -6.37054639e+00  6.69684272e+00
   3.72598362e+00  2.18791822e+00]
 [ 4.07282989e+00 -6.33150339e+00  3.13301955e+00  4.26561386e+00
  -5.03288259e+00  3.52539564e+00 -6.85190016e-01  4.67589226e+00
   9.35364963e-01  1.09218020e+00]
 [-3.56175336e+00  6.27555490e-01  1.83986925e+00  1.63080789e+00
  -3.93301099e+00  6.04104639e+00 -6.93740592e+00  4.91885874e+00
   2.08307707e+00  5.00542833e+00]
 [-4.89188818e+00  1.23662750e+00  2.39351035e-01 -6.48497008e-01
  -2.62272144e+00  6.64207266e+00 -6.47398936e+00  4.66820751e+00
   3.73052903e+00  1.85314661e+00]
 [-1.62492999e-01 -4.36559119e+00 -3.03370789e-01  4.02589923e+00
   1.07683991e+00  7.27682630e+00 -4.94785515e+00  3.18360616e+00
   6.99872725e+00  1.06030851e+00]
 [ 4.22202234e-01 -1.80462436e+00  2.79152507e+00  3.68535094e+00
  -4.50819722e+00  5.84190647e+00 -5.77473769e+00  1.26756463e+00
  -1.34253795e+00  6.89083453e+00]
 [ 6.81487445e+00 -4.91852440e+00  3.96424305e-01  2.00332266e+00
  -3.45472651e+00  5.30045913e+00 -7.78852777e-01  3.42624988e+00
   2.33357778e+00  1.23682440e+00]
 [ 3.70942729e+00 -4.40637411e+00  3.73199003e-01  2.40698114e+00
  -1.23842744e-01  2.93854180e+00 -1.26287665e+00  4.09754218e-01
   1.04930736e+00  5.39111420e+00]
 [-2.81572660e+00  5.53391129e-01 -6.70589915e-01  2.83784708e+00
   1.65604925e+00  6.23284042e-01 -5.35690619e+00  4.54898523e+00
  -1.73258484e-01  5.76463448e+00]
 [-2.62407086e-01 -9.16519615e-01  3.07555171e+00  8.64521447e-01
  -4.78814252e+00  3.85138790e+00 -4.75691303e-01 -2.14643246e+00
   1.50019306e+00  8.16409036e+00]
 [ 1.06069543e+00 -1.36603378e-02  1.67327695e+00  2.13384293e-01
  -6.79729846e+00  8.00653390e+00 -1.91277137e+00  2.38566096e+00
   2.77316046e+00  5.19202652e+00]
 [ 3.39889113e+00 -7.44368397e+00  2.00607003e+00  4.44700651e+00
  -2.55970502e+00  4.55687412e+00 -1.95960588e+00  5.25120414e+00
   3.42268310e+00  1.22748791e+00]
 [ 4.50035560e-01  1.16368086e+00 -3.24861929e+00  9.94646907e-01
   1.64579867e+00 -9.01775868e-01  3.08788114e-01  5.84487168e+00
   5.80298178e-02  5.49055583e+00]
 [-3.55030645e+00  2.94341767e+00 -2.67689698e+00 -1.29213579e+00
   2.15755487e+00  4.03799763e+00 -6.52038806e+00  2.52443221e+00
   2.80761934e+00  4.02747016e+00]
 [ 9.53353983e-01 -1.08410363e+00  4.04250615e+00  1.54604066e+00
  -8.75382419e+00  5.95791206e+00  8.79513669e-01  1.08567237e-01
   2.30501884e+00  7.29796270e+00]
 [ 8.34515232e-01 -1.88284086e+00  1.08645466e+00  4.96854191e-01
  -5.56968022e+00  8.15137798e+00 -3.33173060e+00  4.02747584e+00
   2.35350693e+00  1.84692847e+00]
 [-3.67348369e+00  4.04052101e+00  6.31985317e-02  7.54101598e-01
  -3.15832627e+00  1.98586552e+00 -3.46367631e+00  2.21240533e+00
  -1.32328768e-01  5.33674107e+00]
 [-7.53438443e+00  1.31113160e+00  3.63590911e+00  4.62189897e+00
  -4.01732317e+00  5.48772522e+00 -8.47008005e+00  4.29654272e+00
   1.60017748e+00  6.19494979e+00]
 [-2.83378934e+00  1.48189620e+00 -1.70254897e-01 -1.69135894e-02
   7.23797965e-01  2.46972129e+00 -4.23985507e+00  2.70084231e-01
   2.36533182e+00  7.83997213e+00]
 [-7.86986213e+00  3.09865140e+00 -4.09955073e+00  1.54671133e+00
   5.23833595e+00  4.66818075e+00 -1.41223742e+01  6.71803853e+00
  -1.07467610e+00  3.49148726e+00]
 [ 2.90160795e+00 -1.36468847e+00  1.59618834e-01 -5.92620713e-01
  -3.27603072e+00  5.67486736e+00 -3.85819168e-01  5.32754674e-01
   2.75202317e+00  4.38006880e+00]
 [ 4.19626473e-01 -1.50471830e+00 -6.72570081e-01  3.28082783e-01
   7.05745365e-01  3.98145256e+00 -2.18699134e+00  1.18367000e+00
   2.74628444e+00  5.87191571e+00]
 [-4.43218192e+00  9.45333354e-02  2.90953586e-01  2.86835741e+00
  -3.90990325e-01  7.67692754e-01 -2.70214456e+00  4.58540811e+00
   1.98542212e+00  7.17588855e+00]]


[7 7 5 5 5 9 9 5 9 9 9 9 9 7 9 8 9 9 5 9 1 7 5 5 9 5 5 5 5 9 9 9 9 5 5 9 5
 5 9 9 0 9 5 0 5 9 5 5 5 9 9 1 3 5 7 5 1 9 5 5 3 5 5 7 7 9 5 5 5 7 9 5 9 5
 9 7 5 5 5 5 9 7 9 7 9 9 9 3 9 7 7 8 5 7 5 7 0 9 5 5 9 8 9 5 9 5 5 5 5 9 9
 5 9 5 1 5 9 9 7 7 5 1 9 7 9 7 5 9 0 5 9 9 9 9 5 5 9 7 7 5 9 9 9 9 5 9 9 5
 9 5 5 5 9 9 9 5 9 9 7 9 5 9 7 5 1 5 5 5 0 7 9 9 7 9 0 9 9 5 9 7 0 7 9 9 9
 7 9 5 5 9 9 9 7 8 5 5 8 9 5 9 9 5 9 7 9 5 1 9 0 1 9 5 9 5 5 5 9 5 9 5 7 7
 1 3 7 7 5 9 9 7 5 5 5 5 7 7 5 5 7 5 9 9 7 3 7 9 5 9 9 1 5 0 9 5 5 5 9 8 0
 5 9 7 9 3 8 9 5 9 0 5 9 5 7 5 5 7 0 5 9 5 9 9 5 1 7 9 7 5 9 9 5 7 9 7 1 9
 9 9 5 7 5 9 5 7 9 5 7 9 5 5 9 7 7 0 5 5 5 8 9 5 7 7 5 7 3 7 7 5 7 5 9 5 9
 7 5 9 5 8 9 5 9 7 5 9 9 5 9 5 5 5 7 5 5 7 5 5 9 5 9 4 5 7 9 5 5 5 9 7 9 5
 5 3 5 5 5 5 9 3 5 5 8 5 9 9 7 7 8 5 9 9 5 5 9 9 9 9 5 5 9 7 9 5 5 5 7 7 9
 5 9 5 9 7 5 9 5 5 0 9 9 9 9 7 5 9 1 7 7 7 5 1 9 7 9 5 9 7 9 9 7 3 7 9 7 5
 9 9 9 5 5 7 9 7 9 4 9 5 9 5 1 7 9 7 1 9 1 5 5 3 7 7 9 5 9 7 5 5 9 7 7 5 5
 5 9 0 9 9 9 5 7 7 5 9 5 9 9 9 7 5 9 9]


[5 0 4 1 9 2 1 3 1 4 3 5 3 6 1 7 2 8 6 9 4 0 9 1 1 2 4 3 2 7 3 8 6 9 0 5 6
 0 7 6 1 8 7 9 3 9 8 5 9 3 3 0 7 4 9 8 0 9 4 1 4 4 6 0 4 5 6 1 0 0 1 7 1 6
 3 0 2 1 1 7 9 0 2 6 7 8 3 9 0 4 6 7 4 6 8 0 7 8 3 1 5 7 1 7 1 1 6 3 0 2 9
 3 1 1 0 4 9 2 0 0 2 0 2 7 1 8 6 4 1 6 3 4 5 9 1 3 3 8 5 4 7 7 4 2 8 5 8 6
 7 3 4 6 1 9 9 6 0 3 7 2 8 2 9 4 4 6 4 9 7 0 9 2 9 5 1 5 9 1 2 3 2 3 5 9 1
 7 6 2 8 2 2 5 0 7 4 9 7 8 3 2 1 1 8 3 6 1 0 3 1 0 0 1 7 2 7 3 0 4 6 5 2 6
 4 7 1 8 9 9 3 0 7 1 0 2 0 3 5 4 6 5 8 6 3 7 5 8 0 9 1 0 3 1 2 2 3 3 6 4 7
 5 0 6 2 7 9 8 5 9 2 1 1 4 4 5 6 4 1 2 5 3 9 3 9 0 5 9 6 5 7 4 1 3 4 0 4 8
 0 4 3 6 8 7 6 0 9 7 5 7 2 1 1 6 8 9 4 1 5 2 2 9 0 3 9 6 7 2 0 3 5 4 3 6 5
 8 9 5 4 7 4 2 7 3 4 8 9 1 9 2 8 7 9 1 8 7 4 1 3 1 1 0 2 3 9 4 9 2 1 6 8 4
 7 7 4 4 9 2 5 7 2 4 4 2 1 9 7 2 8 7 6 9 2 2 3 8 1 6 5 1 1 0 2 6 4 5 8 3 1
 5 1 9 2 7 4 4 4 8 1 5 8 9 5 6 7 9 9 3 7 0 9 0 6 6 2 3 9 0 7 5 4 8 0 9 4 1
 2 8 7 1 2 6 1 0 3 0 1 1 8 2 0 3 9 4 0 5 0 6 1 7 7 8 1 9 2 0 5 1 2 2 7 3 5
 4 9 7 1 8 3 9 6 0 3 1 1 2 6 3 5 7 6 8]